Predicted_X,Predicted_Y,Predicted_Yaw,Real_X,Real_Y,Real_Yaw,Variance
0.45735235243132866,-0.930716141597602,3.258085914682111,-1.8883798461990362,-4.886522025490184,3.1871676762427947,0.6127697191939122
3.334293684965837,0.6965237656893105,-2.3051021466090234,3.6257196544258603,-0.6344820021863488,-3.057071022979164,0.5730940843823268
0.6965827976410924,-2.337622503366673,2.647433186831467,1.1097080362996454,-3.792304413423984,3.3726429292089786,0.5573488195142199
-5.659026912597456,-1.5464939619819396,-1.5536234902212476,-5.007896729548712,0.38864699489101484,1.5584326507275104,0.5751712416778544
-0.22195997689217534,0.12183871922493028,0.5634256003254119,0.0037122873735030617,0.001109433794145978,0.006683151633655675,0.5444899441995373
0.7332008979404518,-0.8631362338726281,0.3065375395438524,6.971307930325603,-2.9910837422796224,1.9254635171514374,0.5484450234974135
0.4942331372478578,-1.255983076107364,-0.25751903387553754,-0.26870497211177574,-1.109563424736183,0.5853041955062721,0.5497115181989211
0.45735624760806526,-2.2842010567642204,-2.5105326888962534,-4.50261761782602,-3.144914830356281,-3.8484597089065904,0.5618960677521377
1.2128088747281636,4.014799636276456,-0.3143682981717221,0.932095404291797,5.823137468080617,-0.5450519979610484,0.5685626288878206
2.5400318788178606,0.8521228539276284,0.2854905489571241,0.005747195096589108,-1.8292715691786698e-06,-2.7695651603827642e-05,0.5505098711894002
-3.8260066127024235,1.266758438146423,-0.8659128378485079,-4.6447417186473485,0.4597249911733463,-0.15548464128660822,0.5581570660329499
0.5086398042565882,2.15211290957621,-1.1867764940916772,1.2927733999585982,3.275347279299926,-1.2167575384589175,0.5548695081778382
-0.23312165694358314,-1.7256808520829174,-2.2642812406461665,0.24359326033095416,-2.2556145642386785,-4.800082213052572,0.5575513188930193
-1.380645116033818,0.4996691308658645,0.24648367731661347,-4.679678398686148,-0.3450001081041979,-6.744452024011471e-06,0.5446025469174464
0.6880943621440542,-0.9678459665962658,-1.2595854136381726,0.28783501488765395,-1.4295187723028442,-2.2849509483990658,0.5499317330184509
3.190506995115592,0.7845048859748391,0.587691522633,0.9241537919036572,0.5734968964878404,3.2100267503938613,0.5573126901796398
1.0841167726988101,-0.8334498871193243,-1.9790939958413252,-2.411775835704516,-4.519902284848183,-2.4019269056865595,0.5525300175076625
0.4262575938443825,3.127097213752453,1.2802024988525031,-0.0954331908006255,5.727756379717313,0.7687902893511849,0.5683878039848361
2.5755591967823404,0.6935507177280057,0.20967393509875254,-3.3088188161611853e-09,1.9489523106486217e-08,3.073228085834212e-07,0.546907357746751
-0.9328868204910555,-0.9945799344236853,-1.574053785538641,0.002601749284770659,0.0040359936421096865,0.021157098026044357,0.5585609596630535
1.143324280192538,-2.4122318616078857,2.692145373757755,1.6198800644182398,-3.8491539624809077,2.964660769923352,0.5590088410734838
-1.3473567697838753,0.02748361865994403,0.22315944836341167,-4.684999988909194,-0.8450000653361471,-1.0302569105127835e-06,0.5440413587818173
0.8637684181482663,-1.0311699353061463,-0.3966219378754865,1.2833717913038334e-06,-1.02171182779498e-06,1.467088242151221e-05,0.5438850216690577
-0.33747351063618564,-2.0613242794176783,1.4368218929232963,-1.8343869024467496e-08,-9.472121600961891e-08,1.7370319825765757e-05,0.5485284778049581
3.417680141846684,0.7009117456290601,0.853868512362606,3.7560410023185713,0.335014712213184,2.8393530577507247,0.5633466828909311
0.6215695090150841,-0.8340354456206339,1.4329344976585714,0.8125653506338231,-0.5912351258706492,2.9011569966548043,0.5528627756399184
1.071206785028209,-1.0608754681162313,2.026321847028225,1.463416804399876,-0.7305158384903101,1.5473366909725466,0.5495023585123017
0.5302118667038864,2.018665938641734,-1.2093268325044388,1.2432429333887407,3.174739269540049,-1.5412875278997131,0.5541306870708157
-0.7977148249985168,0.6623848129508537,0.12383955355007151,0.9394432884571179,3.0175472631262865,-0.1943899205197694,0.547138341650142
-1.125190016534139,-1.5018809176536085,-1.3204587514104178,-0.9187812363828382,-1.2466624269358255,-3.474276576322621,0.5462063961420901
0.09509719680227702,-0.8851642664800531,0.3962158867144198,-1.957492881245259,-0.911637562396421,0.30077650027597963,0.548228718334436
0.5774941095015593,-1.8872904167637736,0.12193991552015969,-0.5003623293284215,-3.499999810580082,4.142572595677851e-06,0.5457013215930241
-1.3973828554211851,-2.2500945428509036,-0.000668492876964126,-4.8530526851923765,-3.3449977253587253,5.878055151235795e-05,0.5491454504204226
0.21728430377872587,-2.145964930324078,-2.379371088922305,-0.006921639906825025,-0.002384715664780962,-0.006258742581238402,0.5589861993548825
0.7207114949465218,-2.122298002066634,-2.23582745416086,-4.170905434868319,-2.9420664572618342,-3.9767801273813186,0.5528381062698339
0.24844902898423735,-1.1050129018989654,-0.7523042098632182,-0.49167428304530564,-1.1089943398294912,-2.604093016529944,0.5488835005178713
0.420640913028498,1.5687657193633482,-0.31308891643549996,0.6433380069727096,3.4852178024193794,-0.37463004486935575,0.5501347364022321
0.17392229644371943,-1.1168907806231727,-1.5127381487018632,0.876799184656753,0.4817824539566389,0.9522057438500189,0.5474866507549342
0.2914155271760879,-0.8445821416598931,0.2045846846692422,0.007501221374772719,-0.00021844690333333583,-0.0025986218900070843,0.5482761869029679
0.31238678677565873,-0.6381529387778312,-1.3044268250227073,0.20110892240404002,0.5398582183356858,-0.5473591539567901,0.5482598886503732
0.8568119916053671,-1.642044174807286,0.10239387833491079,1.5744868421734644,-1.3041385827179195,1.231011205018134,0.5450649127736279
-1.589081759233965,-0.882952242328572,2.464992824485055,-0.003168216751309509,0.002081417691263923,-0.0037621260362002834,0.5479514370042194
0.013232834890214023,-1.3776712346019149,2.8858905644447908,-1.4409087225618415,-1.033189805206144,6.031105092791312,0.5513531871133678
-0.6324001988843323,1.481095448050929,-0.07654774653367999,-2.1200218588001998,0.7876531086571263,-3.333442075260157,0.5474197973419598
-0.32184545083985777,-0.46066664771660626,-0.7092353420139901,0.08037352394032649,-0.15490485425058967,-3.0249706410253294,0.5473892505591712
0.31767922396977416,-0.7564548728716347,-1.503862299781162,-0.0033378459614865352,-0.006695075959616256,0.0002977586150661668,0.5491647164986416
-0.9232612671756968,-0.04099206711290784,2.726087803749253,-2.1518363889957905,0.732625008308299,5.366978999659957,0.5513404032664445
0.8454931651432516,-2.3656179753177113,-1.0871382855717266,0.32111862847016576,-3.494492119900752,-1.26049084538638,0.5906590888138498
-3.456387234056271,0.816417153708529,-0.4186027617117172,-4.1558998845538175,2.394263626082192,0.7694419885181443,0.5543125552388274
1.456546183567108,3.3058832859213445,2.3700515192928466,2.5996524093575326,3.90921804507034,0.4373034060203343,0.5803491409550136
-0.7324890635374277,-1.7000608295890463,2.3478880579065606,0.16529097438878967,-2.28078149347666,3.712727622906259,0.5607746011680247
-0.23856279479657885,-0.7514156676179751,-0.4183369016878629,0.37728741802465415,0.702297222943622,-2.733197577708728,0.5478102119034253
0.5373736800981513,-1.601544146079543,-1.3484969428769393,-3.572209432415775,-2.2682236438884784,-1.859640444552053,0.549885708245038
0.3771548134265121,-0.6616610467465148,-1.4819751902456464,-4.356117736331019,-3.820367487388527,-3.5655498571596653,0.5491314811802225
1.8701358684833502,-0.4174285352372834,-2.410902309761231,6.046504376576766,-1.1367302544521074,-1.9170474241792523,0.5578526469188395
0.2246518399568451,0.8971425871629719,0.09449520730058708,1.854085367810322,0.9067907338646994,-1.7301868686773074,0.5443089215264513
2.5275966388418496,-0.3412490322420457,1.079216728153731,0.004622072276417177,0.0044009467107529315,0.01896759941729271,0.5551944620070094
-0.35537506619057013,-0.8470135678594655,2.3417383701329557,0.2691133909063743,-0.7145963202750713,4.494555755216941,0.5488222946753064
3.5123980954127267,1.5468942185976347,1.1089968384017996,5.281226297533978,4.146182178942612,4.211806987914769,0.5648997115670783
-5.690035201270721,-1.2267761248178577,-1.6597068366589147,-11.074142950989756,-4.700584410632155,-4.271581048720034,0.5752176618648145
1.9313772722324143,-0.36149669933687045,-2.3799702993173004,6.195960731801003,-1.2192365989808245,-1.802459413583704,0.5564719856814234
3.3806180696962382,0.5577517157234416,1.4312153584897325,4.111408136081312,3.222115954157851,3.987121196480548,0.5611695538559923
0.4986730412430137,-0.5341090267620078,0.7445372010483142,2.5676373333922404,0.7402193746491194,1.6222293841238828,0.5962084006181089
-1.020857435218618,-0.09457215374633238,2.968288572781501,-2.2981317669927983,-0.6473693084473984,2.843335182919045,0.5603739584704434
0.7562306550838955,0.34466397810970184,-1.3440690649306997,0.4801633413215327,1.3543660239554431,-0.2940450343270085,0.5539672110511399
-1.0212597266313355,-0.24295505431304573,2.8598339956970142,-0.28006307310359313,-0.24546223299616293,0.8452851541345954,0.5515749152798121
-0.30755145972569964,-0.2943255926826772,-0.6538923796900251,-0.7278209089335838,0.5398973623024353,-0.08417849963563001,0.5476698262823968
-0.10390297062906917,-0.3755507757195715,2.5664440257693633,-4.236065454573978,-0.7505229949477452,4.051170973525299,0.5628722233638458
0.33100929125661965,0.40779338877970084,2.1923907822546185,1.1392464210137128,2.130707998376656,4.915940759859922,0.5469577525645525
1.3045208635075758,-2.248832355305117,0.05125659335821269,1.1358600403596213,-2.235796472432417,-2.95836859104127,0.5494736433925299
-0.6230945901246275,-1.0562895169259618,2.001046314230084,-0.9006191087346898,-0.866736881420435,1.0653309978515253,0.5493731871385817
-5.419278247281749,-1.6794613391479452,-1.1534630623310778,0.003370753005749674,-0.006544293570414375,0.01292037055717414,0.5814676777945286
1.2217081042026092,-2.4165752126564257,2.6966086070794524,2.4302316453867387,-2.9689679801240523,1.833618506752213,0.5604304991181218
-0.9434271349380883,-0.1179424684615249,3.0574855496671205,0.0070599165652276,-0.00023298664554578796,0.008853622926305996,0.5608750900473366
0.12006830587387332,-0.900907683857812,-0.5541506331487955,5.291048869055547,-4.403602033344205,1.8002854011756435,0.5499442266420372
3.3700714413167234,0.6441746240738974,1.177765997646532,0.003620570130714146,0.006534300924100844,0.0012095846257838064,0.5612704344529279
-0.3858793417144586,0.01240527086979401,-1.6336753336942977,-1.9544262130801056,0.5421494508095309,-4.949907500100288,0.5490647116751758
0.9693582498637526,-0.38615747422447877,-1.0936018725221635,0.2091657860385551,0.23251435086650715,0.8468879741716817,0.5488311248799876
-0.6564051293995339,-0.6635085529009165,2.4965626380295474,-1.6523014170894763,1.9036309954431379,2.744257364484153,0.5480407753040263
-1.1488493281803676,-0.009694082420188072,2.8975905138215547,-1.3243771297045108,0.5841678147647431,4.809959458105367,0.5638816016879004
-0.041605463426987885,-0.4811415619468741,-2.5204113169835494,-0.5230937733447039,-0.28294005386974685,-5.976195931441303,0.55618690326676
-0.42471064852293966,-0.5997358669696904,-0.5650281607808032,-1.4228260351271997,0.19883780687730876,-0.7256498781074419,0.5476405909367094
0.9014413368378675,-1.1422186887255552,0.7922394419198284,6.391243727033036e-07,5.441846667592065e-07,-1.3051554815374233e-05,0.5443294970173819
3.3288322257079828,1.8042138313937686,1.4700394185963326,4.14810473780716,3.2965938881404604,3.3922095823179057,0.5682059646924392
-0.01181667387002884,-1.4459583162628993,2.81472892885178,1.2850187385427272,-2.853537546609223,5.97689834469365,0.5596063598305504
-3.902540218295214,1.590140613368554,1.9053852858944211,-4.747598260485545,4.070811570701118,3.319079963343138,0.56488760697984
-1.1792944838614612,-2.0104628565155496,1.578972700730491,-2.185388443353854,-1.0547464087033824,1.095972055515584,0.5509139475787
-0.3873050619831256,-1.3520068208266292,2.229533312893622,-0.004976901156157048,0.0056749453926459165,-0.008304696431400395,0.5500917302499607
-0.7403659421326378,-0.46598795256089887,1.7350483640154106,0.8838148318756232,-1.6543325738014465,3.6694389450561973,0.5477824550599261
0.6380242677714174,0.44384146346989906,2.694164406689357,-0.007217521571770098,0.0014860806053536707,-0.009656208011268645,0.5532610070953373
-1.3849559956140027,-1.1059544870730014,-1.7433432533604827,0.0032245141807187936,0.006194336485199806,-0.005499910717603279,0.5556960973286179
0.6070786142709316,-0.8646314044186183,-0.07772241365543545,0.7592536448995096,-0.15043616299876733,1.201276835936123,0.5443227691808824
-3.0902723791188405,1.0018833933986482,2.689401000721113,-3.852471651661089,1.8270017241540053,3.2190167379635706,0.5671813739049073
0.23249624870483715,-1.2209279471334522,-1.3208516884437707,-0.29174776015671006,-1.3664928589683163,-0.1978236799759334,0.552427704564432
1.1598680511598707,-2.3433201886558575,0.06654891294668022,-0.005789730105614569,-4.586093744474416,-0.8233280822685498,0.5542432375657574
-0.8757881034906106,-1.551016690356958,1.6445714084339829,-1.6484074896901992,-0.6706247389389683,2.3160561890947355,0.5561867910592776
-1.372749280287629,-0.5667761962544907,-0.5479354802770273,0.633043178094049,-1.4927954051186203,-3.4028470575067065,0.5504212316798013
2.9240874745929526,0.8362054797487901,0.32783432849142186,4.246765930532501,0.4788289605926662,1.2722310703069273,0.5541356299799004
0.13222507998081623,-1.2610304963257828,2.758359275466966,-0.007424303979984875,0.0009704863396837737,-0.00034767822655464714,0.5520372730468198
2.8593569379922092,2.7926161170367276,2.0670662864864444,-0.006805530694376005,0.0029789967426036845,0.005926579110523071,0.5798131158722294
-0.13070665730984218,-1.4466600464381023,0.6156617462768919,-0.00041644988565693944,-3.225450753918668e-05,0.04653120946657586,0.572992855957447
-0.13791714973200794,-1.1469584955698933,-1.426977918226532,-1.4518527333106122,-1.7559922603376514,-1.2492109492328738,0.5558988690886123
-0.05543242167533642,0.2556542917698037,1.0897986138347309,0.004721019517042577,0.0059211195518859144,-0.010202333998136782,0.5509333989144883
0.7359849885457956,-0.7376103941708232,0.9025211695925874,0.11676845831758505,1.4712050054251071,1.0519343831664474,0.5490346613000471
-0.17812092042493374,-0.7072950076272422,-0.5032182846793436,-1.2842163661813872,0.1241942054557581,-1.6719471473144805,0.5447645249496974
-0.6212971071340767,-0.11863216157513432,-0.7301083765540886,0.002815272899781786,-0.006895418212355911,0.0022604336537909095,0.5474493066993672
2.398649338242988,0.7139558307960646,-1.1416706562425252,1.7677222356929183,0.125726966638228,1.3331828986648828,0.5552873147237142
-0.12232167910548791,-0.45288678952613626,-0.4774808613084785,-0.6751845091044526,0.34593920325439964,-3.3730943765063466,0.5474856502234028
0.3785114806083925,-1.3821551247680135,-0.6313904653423026,1.581250930011184,-0.6479454834677181,-3.7041271468800505,0.5507591736135483
0.4073241523689234,0.12987378902663313,-1.021493556863625,0.280466369663342,1.6605999984925996,-0.012815184880381289,0.5445842685354224
0.9474633900837425,0.7268755244927065,-0.040826852029446234,2.087551457883002,1.216529425774209,0.2496421732857415,0.5501127969330503
-0.3331230067660044,-0.13705949914398344,0.6554342532671367,-1.9162866709194881,0.6790871598374082,2.7164693531283506,0.5482785834844132
-1.125121597193975,-1.5018996400198583,-1.322685770775652,-2.152173420380543e-08,3.015688585794596e-07,2.99539578414304e-05,0.5462112714996193
-1.5250777030273652,-0.9294921589767003,2.5213917069572522,-2.3344533823069136,1.2006783600159212,3.3197091240122143,0.5483752398771907
3.1982971597679053,3.0912636621169467,0.7286886338183582,0.5432857074182954,3.0168411785976312,-0.4031078134454539,0.5819140391576335
-0.5450152575317785,-1.1913194731755932,2.097176979003608,1.030147905167118,-2.4241977391968357,4.741101364467622,0.5498771636029917
-0.27676379284975233,-0.34862211932302634,-0.60076777907799,-0.03237258661340939,0.9380691576618039,1.4217687081626795,0.5466974306940534
0.5635930192896434,-1.4803068091525091,-1.3235922557205873,-3.3849089845740514,-2.0961979428358473,-1.8709460212115496,0.5506213611359781
1.1979812338702798,-2.10720742281617,0.14658809182897528,-1.2272452934549865,-6.330902511975712,-3.104900308435713,0.5570350495462849
-5.0875604988441685,2.192212419043434,-1.7790766586911448,-10.542190964456855,0.19216200476943537,-3.9601392770076878,0.5763262499218916
0.3305077096313987,0.5511042557776978,2.551713448546857,-2.145890163326558,0.6766280509580255,5.219288220270345,0.5507870224026364
-0.204811588270434,-0.7119778668647169,-0.0162621917995949,-4.457241238872275,-1.3658272147635846,2.0840068852121347,0.5569926962202315
-0.39074724747063155,-0.21847242326199806,-0.6917504984559348,0.00311201471183881,-0.006692919261020294,0.0026136019201859206,0.5472570957052986
0.6827886719966758,-1.026970815168688,0.6386792740833258,0.003631384469909977,0.0017900689433865413,-0.0017908597003763946,0.5450730538975487
-1.5927377784029106,-0.7462436714847626,1.0986450881168204,-1.290919303849336e-07,-1.8493526184049092e-07,-1.1444848081382242e-05,0.5452507484160721
0.6188672565849157,-1.3592687837241846,-0.13408940482814832,0.1782497282694747,-2.0322980491542006,1.8847234899107967,0.5493148091452268
0.10327597213672383,-0.3519897235527411,-2.4297151949851323,1.4064126207398115,-1.538915283981111,-4.653583968439343,0.55104180949547
1.5278168292889227,0.21252577306263856,1.1950389582295433,-0.0006389287204662114,-0.001126129450642152,0.014224306622913296,0.5477336506075338
0.856842140412906,-1.6420271468321446,0.1016927741283413,6.504613634342561,-4.429827856386574,2.271217737303059,0.545064809444043
1.4537089721208767,-0.35569242356387776,-2.349057696184765,-5.938644672756621e-07,-1.1102923501427053e-07,-2.8608943484859095e-05,0.5506560389586627
0.714670775462621,-0.26490366525358194,-1.77995713880593,1.7549659775751711,1.2780228746348066,-4.342370497622105,0.6176445723340956
0.7490305928539807,-1.5512946224656705,0.18129673889465972,7.037290037485833,-0.17281308394637301,1.8908714271391407,0.5499458239842051
0.6216988456152016,-2.2270983393175445,2.8608405536946764,-2.511953626600642,-2.4959084193073986,5.317535741708575,0.5744887309498156
0.963448009362054,3.8071195462660437,0.516632364760601,3.780546756009545,3.6341198466023306,2.121220821113753,0.5770045088107546
2.3472489111293724,1.5226659847733404,-1.0365920782212654,-9.297697038452082e-05,-0.007028430764078664,-0.002232511523726048,0.555793639101204
0.0024521097943350223,-0.4603819499878248,-2.1291642567347147,-1.6732933263015717,-3.836995694712911,-0.29245990869576133,0.5527268391041466
-0.728649637314041,-0.8445228266341235,1.891922594132691,-0.9310163922185364,-0.7094218673878965,-0.49039429940393314,0.5494911152730874
0.4316310089953094,2.6102803763379505,1.6345082786216956,1.742289279206778,3.4786022780731067,-0.9375196844439326,0.561783719091237
-5.098330902990543,2.1068381871049877,-1.754327180149108,-0.00493245840688054,-0.005126947226158196,0.003787718373630275,0.5759852493862022
1.3198420758773743,-1.953322395186136,1.7516276125928028,-0.05880984643753241,-5.671126321267565,1.1565337761223622,0.5546600353249597
-1.0374835670883094,0.3568969420086563,-0.533996014907959,-6.308425340131736,-2.2312550316353486,-1.3589864065933015,0.5480070899251951
-1.4680704023604443,-0.5075173123967083,-1.6425289703902475,-0.0019980529712638855,-0.003252500824942328,0.00907216100872834,0.5481582617614974
-0.7339451472562425,-0.25688727722572546,2.090645704595801,-1.672016559762345,1.265806022455374,3.9718859384525973,0.5479743930335333
-0.48208010402046503,-0.0314207278279028,-0.48974751606046546,-1.2847338285904848,1.0984572381798745,1.9029263516874395,0.5502434588675525
-2.120333355430653,0.44371856613776284,2.546126091039589,-0.4349554127352123,1.2615653013599677,3.885808901162202,0.552573143082404
1.8257765963031685,-0.9654341406515045,1.15722414386576,-0.0003123820567199134,-0.00027990108224305865,0.04658213227846557,0.5715689129971994
-2.1089599118019278,0.7512936339724084,-0.28915281552844513,-2.586664368111666,0.5400182215211986,-3.2028741662149893,0.5502056336455242
1.7907507774359328,-0.43022347562796415,-2.407723523956221,2.0481439175137486,-1.444350305148664,-5.834324656813772,0.5575719169134429
-1.4930606017895012,1.6613961708908105,-0.7066435667055737,-1.1052177768725089,1.6436971919766643,-0.8102567037490882,0.5486189536327887
1.3125631919885798,-2.4344312641696075,2.7056478281072334,1.8027385103618323,-3.850379641744305,1.9300753990808104,0.5609488416743004
0.7632244358270444,-0.9390954344901598,0.1261647090762422,0.006025046265867629,-0.0008247885226018437,0.003691988767540129,0.5462143567871381
-0.31903445840499595,-1.154485053907306,2.1509043906095857,-3.1616272100513374,-4.7458459892116185,4.708832735867938,0.5533792172806843
2.387180968431928,0.11111322283178854,-1.6351283234814662,3.1716068225701934,-1.0641986834826187,-1.895660095824543,0.5555507232452938
-4.0296350633874365,2.091474070431699,1.7400528254984287,-0.0008717924593451935,0.007507988119937706,-0.0062922508476123615,0.5706723247710178
0.8637782683755191,0.16979370282018144,-1.5780511239381159,0.8410620778545418,1.7130572847763978,-0.9307799320835339,0.5495927677453919
0.7705870843706093,-0.8806757107225547,0.4314251909284433,1.3854851210732004,-0.6988347136053844,-1.8985510955435263,0.5478982718785238
0.6724824756165265,2.861235101701251,-1.3249700273823746,1.5374513880658052,3.162856780236264,-2.1440974456422226,0.5646215391808008
-1.1713939904694677,1.4863816984775295,2.66878454360492,-0.44374936544442056,1.227116510538424,0.7479614444347009,0.5527473414299428
0.01845021845292952,0.12030220133462646,-2.503890105956212,-1.2670563725833477,0.2938395448631196,-4.7350201310378965,0.5506577977946391
0.026589548402097866,-0.2493243287284527,2.7516514964711907,6.387905642187813,0.5615500282453774,4.5202373423910425,0.5500192668611762
-0.2998794276639731,-1.1779745621241688,2.8368008152225896,-0.7792934419699092,-0.0890058519373618,0.4120105090592346,0.5530810895834778
2.1329913158057754,-0.05160161844801821,0.2113094729414774,0.006905574341040898,-0.0007046324716253188,-0.0007710883767736709,0.5499319829692825
-0.7311234909872318,0.3026208421856881,2.4093533008588293,-2.7154135508651,-3.973769828428799,2.855667309427637,0.5562135151436666
-3.8504300818354134,1.3036795425626817,1.9328892579448012,-8.54041764768201,0.9589886738347007,1.2582098204638914,0.5620529152618486
-5.62677773922255,-0.009787650993408975,2.0015205509961014,-5.460183732650459,0.48634905884654034,4.8057309635342245,0.5889373024469157
-0.4456112027363126,0.0102849113660117,-1.6257479705258455,-5.29945489467282,-3.3464905457945613,-2.2220509543064084,0.5489118759138721
-1.67897125872165,-0.16848973099162495,-1.023746228884114,-0.0015806392916878215,0.007241535571783739,-0.007254519103277297,0.5543352463444636
0.5620833069049862,0.156477495157918,3.198344277991427,-0.5863770785744924,0.5961705237687845,3.3526468638914517,0.6064962021312349
-0.9857613322903592,-0.2151564759545791,1.305930880962681,-1.8849025592389288,-0.08146550063895228,2.54417847117336,0.5798134624849803
-0.7053895752055543,0.061701324504365634,-0.7742304859158602,-1.445516140423457,0.9019496262770279,-0.9152368140804477,0.5476153114172982
3.5564053064488332,2.013693053500501,1.6979395960362162,-0.003170680396728992,0.0066787153178101966,0.009768901578857694,0.5763668220145052
-0.053231374839010095,-0.21292805180072372,-1.1405540178052662,-1.0573754331012173,-0.4269085686909143,0.6342563511946144,0.5485825519881035
0.41323924890178343,-1.351417222392289,-0.8075089512509415,1.0011897137193022,-0.994964571843461,0.31552585081713685,0.5511027149324962
1.4252858378956552,-2.3339995744843747,2.6913800955221374,-0.24142193342069848,-2.7928946447226166,2.3568348403355746,0.5577550580765417
-0.9855404018551023,0.31201658883276784,-0.5326648673517318,5.358236132546249,0.2640439474732095,-0.0715506837320111,0.5479279373978946
-0.507099266880232,-0.39837530905566143,-2.465376276699622,0.6787140781070333,-1.5584577472180006,-0.9342695964728007,0.5517169918515675
-0.65213205329464,0.14151025970274125,2.2409335366579417,-1.2531222117057659,-0.22848782066720977,1.3861122608019762,0.5525549240088831
0.356726530806343,-1.2602205125848998,-0.5649957750011863,5.965321164279191,-3.664861348425135,1.3911348699325696,0.54895547147428
-1.6604081190008113,-0.5045299968518587,-1.0067879489992388,-0.002125956196237587,0.007019682806945066,-0.013909945684831573,0.5550208327682006
0.09299213849268348,-1.0726636356456096,1.939404358356586,-1.4282276350100742,1.3592467901051597,1.702526001259021,0.5701966665400354
-1.2416798521591732,1.267620733870368,-0.8611497617906672,-0.24934010853645608,1.459141043318875,1.42674973726399,0.5555665494237895
-0.10518522586954601,0.09742864012231386,1.209028489954059,0.14166616109230468,0.08918178309517111,2.8975111308467145,0.5498604623463438
2.3226084011857417,-0.22259462575931188,-2.0946798988764925,2.13893971532172,-0.8819913396139505,-5.310808671665625,0.5561974930266628
0.8406435075292985,-0.6844439111183096,2.0745733262679296,-1.711719662364496,-4.028608829179168,3.2365165367771094,0.5496412600610056
-5.262342944173538,1.9448187564070074,-1.7097445842738677,-6.545641442549247,1.9124580071253257,-4.176846945623563,0.5722093271756462
0.005227294295485052,0.14109222493048912,0.1531134753518853,1.826003218942755,0.48643906661764247,1.6036976214509504,0.547474150658808
-0.9699067776571951,-2.132464078059054,0.898336362179452,-4.238050749138171,-2.571226372213793,3.6740419890023137,0.556302919956489
-1.3374576493394774,-1.5113211908136888,-1.3220782269729834,1.8317533413692022e-08,-7.873953846854187e-07,-7.064924896871966e-05,0.5464835151809618
3.2616261059629292,0.7918704839115296,0.7422240730189709,3.9275132368667935,-0.0031867596814567356,0.8664157507700003,0.555420678794445
1.1804470438762251,-1.9712455118296848,0.03627243457082416,7.463078262195657,0.10327606020451435,0.9079243235172068,0.5544754643172857
0.7266980618902353,0.6868190935063647,-0.2700978676109661,0.8147057729352163,1.5959662626332252,-1.5659061681737445,0.565784744185463
-0.45610724015126575,-1.8082890849301245,2.818737522299746,0.029814418440023333,-1.0957144513297126,4.150959115495944,0.5565514377106654
0.938152031114896,-0.912961713318114,0.8571359288804861,-3.8217203541614855,-2.73581530646665,-0.5698617403236277,0.5497688516331612
-3.0703733651841363,0.6610852275024798,0.07048386799989162,-3.777363399436103,1.918755377225596,1.8689892904874583,0.5562760705183637
0.3433508448513308,-1.1975228007931058,-1.0324981575039163,-4.531076113767064,-5.002104310671568,-1.7364430984712778,0.5525628024206425
-1.3473576895770392,0.027484483538203458,0.22317285023341735,-0.4999999787866222,-1.5000001249560375,-1.970380382215753e-06,0.544041362736961
-0.8009733232235453,0.5947462254666407,-0.593768097538411,-3.4577640321223795,0.138362492571612,1.1808964223255622,0.553502465325782
2.6924376718809238,0.8826595425533902,0.25054987425767133,2.4146581272713616,-0.6598755471831719,-0.05466354539057344,0.5539114743978205
0.3216524681480763,0.8906383781590601,0.27617200774160566,0.007267450137743638,-0.0006775126415428379,-0.030312711827495592,0.5626551981524776
0.1786689736592276,0.1814251457691712,2.7390502303243323,-0.8416639867573608,0.6220201607676651,4.557248010454417,0.5524153906808517
1.0302650238795805,-1.2109310181246373,0.5507201652218139,0.0003733285654234017,0.00012152794195678662,0.01359626832362612,0.5461037992286629
-1.4939489154443284,-0.6264032185237087,1.6631299832799653,-0.47485883417072,-2.1458286796207067,-1.1651610919004525,0.5504413961049993
4.048201264356954,1.9013703092095842,0.046440153582924165,5.953376809082569,2.371869400930972,-1.9428373027544543,0.5629605078940069
0.25719690839434817,0.20553827167176722,-1.71747801921887,-0.9524250233526126,-0.04385279256953736,-1.2018534956633784,0.5503757406724775
-1.265193528270109,0.13247195507135748,3.079708140881036,-0.9908098542534493,0.43666068525722657,4.414773203711295,0.5612237752293338
-5.699509949549629,-0.8719626442986851,-1.6320904685052466,-0.001331695278414511,-0.0068418294232344135,-0.0017776920445499236,0.5708026600496302
0.4928379576440318,-2.079328814093013,-0.4968549125524521,2.318022901157818e-06,-1.8356632021376829e-06,5.49398558272185e-07,0.5467722638980673
1.9603403001489388,3.1568153148379303,-0.8699633873401651,1.3341347574831337,5.1446921401723085,0.1339892533385228,0.5691857740105407
1.6271710792083733,-0.4364429874980307,-2.4540246811133635,5.577504800504686,-0.914342922994619,-2.276936668446914,0.5577400193155319
0.7981786485638384,-0.9016053601945668,0.41937173455174553,2.196778666465056,0.3013007682599076,2.002495524926812,0.5481979194037537
-0.7741521056041726,0.012070133355181062,-0.20021644657933957,0.5215425861043533,-0.706535785188896,-0.7530576821694412,0.5476750074460709
-3.578176542188375,1.1867580202759522,2.2281192370541176,-6.6783179406414375,1.4899086247247788,2.3477513097634,0.5558752531601107
-2.764005020771522,0.6082036238088445,0.36899766505179304,-3.652912859193785,0.5973735869584974,-0.49700373554039284,0.5533477441952842
0.6975325099205549,-0.9897094102810726,-1.8397894320878403,1.2386593829251675,1.320482085819351,-3.876903578588493,0.5508015555990978
1.6264287887094007,3.29184841872434,2.419226013183717,-0.0037376354379167857,0.0005756696492687646,-6.680672498345086e-05,0.5713903821385303
1.5652772997128506,-1.993991578818749,-1.3435002139037089,7.897633820678657,-3.6885567337105005,-3.231054855527579,0.5525395285914391
-0.027470969004100145,-0.9329900575540964,-0.3350918023391048,1.3022057261084867,0.8936114538965948,2.4248267570053925,0.5482001216368074
-1.2903544178999273,0.029057058816101072,2.5967520297997755,-0.0017520213301306167,0.2620932437864685,5.215038083849029,0.5498708233446733
-1.013356137398847,1.4472257530692043,0.27764313458110074,1.754000007588821,-2.2300000447049544,-7.04933226312876e-07,0.546299039350402
-1.0599616117715214,-1.8199542287202979,-2.6820234649264303,-0.6578641795374066,-2.172939348528109,-1.7418040558063683,0.5583691809358614
0.6451014807410449,-1.9420237290321167,-1.1004477879873713,-3.9963284603106612,-2.8405343031495285,-2.366906345232481,0.5489538801996569
0.32965379560741787,-0.3517759432376776,-0.599876856651395,-0.5202813176946266,-1.1977376850158523,-0.22383629122334042,0.5549583196711124
1.4255730107851554,3.8601025941337688,-0.2728073678852841,2.250268771061916,5.577215450395851,2.5534540454918,0.5741496892516521
1.0707805432722723,0.04622616776551214,0.2658922280465783,2.1019129178511067,0.9881887780018839,-0.021987227597842274,0.5478901183418335
0.8942456592556544,-0.9813057136889881,-1.3395442760313416,-0.0020939883542259174,-0.006966728708618683,-0.006012594706509708,0.5504654337784315
0.37455259985736317,0.054028543227516074,0.35073140975296513,2.92704926197138,-0.8339357494809486,-2.335754601343932,0.5468489669249946
-5.513386388110968,1.7823171566680411,-1.7749762563178915,-4.917612550442712,3.2873893899945505,0.4503604608841128,0.5702612950419687
0.3669552633208183,-0.9863282468988469,0.9782863219703035,-3.8673322302998483,-1.2764398940087318,3.72869153549886,0.5495555590119411
-5.674224828870977,-1.865485373338938,-1.6923047833824143,-6.284794891025441,-0.9488820922598692,-3.395471113044777,0.580552705241996
-0.36877730428361366,-2.079960817348045,1.4442583385560213,-0.8925328411886341,-1.0661826551464817,4.175403676273098,0.5482426690210561
0.3982500050642715,0.5846443166184141,-1.2622756018722394,-0.652975918562332,0.21871996293129028,-0.7925972543879878,0.5493983473214611
-0.03266036141159455,-1.6555506325132119,-0.8133784690231625,-0.9611119986895716,-2.9354164726367804,0.7663015180234654,0.5547596157721882
-2.9330713295105664,3.458497939843715,-0.7371921983080052,-2.440092390478402,2.2107051294736118,-1.0048983063706003,0.5848338457222036
-0.48516997286725366,-0.32887797652007295,-0.6480467996725505,0.003607178431808503,-0.006546938141399783,0.000771033415538136,0.5474044173759302
-0.35101078002477915,-0.5655374675980547,-2.1259756910373473,5.532635477289246,-0.2547552073494984,-0.19465873886626286,0.5518361087509286
0.9914263554420046,-0.4375587867900562,-1.081669810057602,1.5400234076178099,0.3876289046977147,-3.5057225322692056,0.5492259147649984
3.471275560279618,0.3493954515790435,0.4369018573653235,0.004557693384339449,0.0009075242529083261,0.009296435237568429,0.5535632399356795
0.3516130928263782,0.13567412203005866,0.6451999319119053,1.9166830642927888,0.08512367364892723,0.3505892398755841,0.5482489693557208
-0.2981822628573319,-1.403396282212391,2.315963064855909,-0.7630442668242771,-1.2996549282294354,1.7468327173910745,0.5509986584035153
0.4358746712873796,-1.0440730295410663,0.3955684956374746,0.792287370980117,0.1430716706276371,2.861189136587068,0.5486118241780092
-5.531982029701966,-1.6355671140812358,-1.2443492058376182,-10.401170268333868,-5.64299258159745,-4.089979642417631,0.5792696652423756
2.3844097405818507,1.3553057639052117,-0.9938205108319547,1.6700590177041534,3.878288479979141,1.5752580717794824,0.5566483318556715
2.2947585048434935,3.485293732607151,-1.7770587941785734,1.7051702150315686,6.146247123519931,-2.6676082331075044,0.5938211959826015
0.17230028625112556,-1.2191231599516466,-1.6413786886305657,0.17892450825387307,-0.4776002385790544,-4.738597737597699,0.5463254494815489
0.5741636579067614,0.44743409148620605,2.6344259637669682,-0.007200984167170511,0.0021893051661492635,-0.005770758790687426,0.5519984786229758
1.5873912712133713,-0.0565158461736267,0.1896479549973519,4.868998115673796,-0.7210918134565323,-2.850648397435842,0.545684691664381
0.15948385712944405,-1.261886734392667,2.759086600190263,0.23075330690813664,0.04174206961842458,4.94509010863187,0.5520822524947123
-0.07215012312142983,-1.0799810468313287,-1.453878700233102,0.23863224771905184,0.25907747824062444,-2.153919524003936,0.5554979917286543
-5.313671405353207,1.8268946388154972,-1.5938232337792129,-5.373089856807945,2.459179725071146,-1.6244886738864277,0.5769420791416492
0.19397620370699598,-1.0015398528293427,-0.6375470991299497,0.9379578008225364,-1.0598254413376047,0.20630426373251826,0.5447609096222484
0.3808780712664784,-0.7368775385625561,1.292386428610213,-0.0024505564878653102,-0.0070641412545742605,-0.00041138427052670595,0.5557007009764204
-1.0133566814399722,1.4472261338338122,0.27764886453902865,1.754000007589518,-2.230000044707217,-7.049686160248703e-07,0.5462990406731537
-0.4877684329860342,0.171986597159107,0.39004376673609864,-1.7733107693441261,-3.339885246986465,2.234061137868548,0.5469722398454989
-0.804207431833599,-0.8263684199738881,-0.17481068787231788,0.005904302729222169,-0.0034197314524038874,0.01868783175349481,0.5515504159611601
-0.02599617569086721,-1.0483808609977274,-1.4243512329688162,0.04267181307978723,-0.49608603882980395,-0.9872793459516542,0.5558777550554771
0.9695045089848792,-1.9778664196601212,-0.41070539963971764,7.30635809714192,-0.8703241804211496,1.155617198295921,0.5525226611386677
0.5683263243353607,-1.8646615059123135,0.12894970823849417,-3.308690810915893e-09,1.948912324578611e-08,3.0731632934266617e-07,0.5456387572049609
0.16480013379120872,-1.096039844334275,2.6911628513516486,0.8299547138077483,0.744053510369198,5.792268645659517,0.5507263535667045
0.13028987946659612,1.6058379802273086,-0.391028760977206,1.796000004203265,1.696938613364308,-0.5520509402039524,0.5739553305989317
1.5424237917166113,-2.4216748691874628,-2.648717215665253,-0.0074856739997576395,-3.801007338193052e-05,-0.002414133058112021,0.5656513422314676
-1.1293065713639405,-2.0205008843339747,2.3500344195964695,-0.005351244449444584,0.004268093634621065,0.0058603115492250404,0.5537589847954868
-1.4606239170083313,0.48528653797353705,0.062032574331586515,-1.040142000502229,0.3380996256385931,-1.8938509773216148,0.5499590820643091
-0.7306722268334932,-0.36112060523814316,2.035774308322919,-3.1787085675265283,-4.303962364836175,2.273828803422751,0.5487665868145252
-3.1623449188560215,0.7144855597954383,-0.1298679722150736,-3.969227447775584,2.0852131874890008,1.1320393346908362,0.5581159097972895
1.742695427945955,3.221170540692106,2.354974780939581,4.766178812969474,4.616019473938986,0.3676355058159108,0.5725154384628889
-1.5347341858080543,-0.07295317377603117,-2.54768405754761,5.288472161198154e-07,2.599924542323606e-08,-1.705917589166217e-05,0.5511925927316123
1.7988175995970153,-0.06783863810101351,0.2563268855741631,5.435748552478929,-0.9379049904797251,-2.4751230177464265,0.5472530984601912
-5.722465085014453,0.044868289891566465,1.534557585997107,-7.467574396302124,-2.6299539314793354,3.3597435719597852,0.5723352349211576
-0.2020997388540198,-1.7579640148601627,-2.2211195368891885,0.26463003769309884,-1.4041321981534116,-1.437790321248061,0.5502124946563361
-0.4162928403185732,-0.39511840625201977,-0.7059307228963101,0.04396727499544607,-0.06201054711717011,-3.0197319994868055,0.5476837147492978
3.97632643514461,2.054919140175348,0.042198787389995156,-5.956060311548828e-07,6.379680769774687e-09,-2.2111407336170008e-05,0.559211062158902
-5.6949756312078055,-1.693606978046928,-1.752979291282988,-6.605005164302567,-1.6549334638674065,-4.14021294270595,0.5797323674514067
0.09430611803198799,-2.345912858976663,2.713545723836914,4.234622757986767,-4.925451565668803,1.4670885021213167,0.5583122550285579
-0.1237438386652581,-0.8466110704237172,-0.33560280309126117,0.5101884998513634,0.5431705502089086,-2.163223155340648,0.547902341412725
-1.652351654353644,-0.04883842898290063,-1.6216667501602076,0.001589312778859063,0.0038341409020497402,-0.008501269475549314,0.5507869134406681
-0.22350945935103955,-2.3024466611226555,2.645049240196437,-0.007410207948772781,0.0012151862850292988,-0.003116798950485715,0.5571632869627733
-5.65617864317993,-1.2112555264085105,-2.1195116534059606,-6.554988264123189,-1.1878718848911405,-4.66361500598718,0.5811353218508538
0.7390148562681983,-0.5241660521686619,1.9608826748058374,2.443805957362011,0.5552513858105784,4.948463345262048,0.5504251064321976
0.6146054089400771,2.6276930769103677,-1.0977965489417867,7.3344754225910656,5.295567979940469,-0.2953114459182449,0.5571055646706592
-5.783872039642546,0.6922495688083787,-1.3366256795648814,-7.527309033224602,1.3505424569681908,-0.06628461238705727,0.5690291866386522
0.17754423762140095,-1.201074683430472,-1.6192859354145241,0.999334546110783,0.4028945179740312,1.012415406418406,0.5462968360399204
0.1399122467927726,-1.8482021727339322,-0.5012855870433592,-0.005712596563732349,0.004746574836273068,-0.006102928677996465,0.5526636035096827
0.9580090221563183,-1.182458771325981,-1.4961668269276802,0.750684230513637,-0.06785500331204374,0.8017023057565524,0.5485079954480879
0.37956064213568647,-2.0170973851727116,-0.5502541999015798,0.33628119178919064,-3.4487992430137835,-3.3786149867976443,0.5531386022441508
1.2866234615348782,-0.6739780181159049,-2.051856332156516,7.648240331872562,-1.769441668967109,-1.0127989097626207,0.551895575407111
-5.481574320040576,-1.0293699081806271,-1.857301940689874,-6.382731074177641,-0.884648710057333,-4.582862979717202,0.5749863485059864
0.15025184305579833,-1.0930640654117458,-0.44731143182744454,1.4406612767958624,0.7012205369911482,2.3084612704188383,0.5491934667574144
-0.17176078825451918,0.02905034313751359,1.2917527544198049,-0.0620816796530935,1.4014332653537775,2.1577328146436656,0.5505740660813002
-0.19706807396167858,-1.300234031578134,-1.2175855858082978,-0.5347278780575929,-2.4806279126413076,-0.620781121643788,0.5584646953483509
0.7376587000808851,0.40855221965773547,2.7521243269208973,-1.9631608510961347,0.12379958347168435,4.950753187086728,0.5541075586288541
2.5755616256307614,0.6935500338918265,0.20965284932054687,3.1850002281359333,0.8450004100559487,-3.2507533301584512e-06,0.5469073579697566
0.4254548864668168,-0.8940148167420344,-0.9768110527235152,4.0859656810905465,-2.029405889688749,1.3655304665371195,0.5510855072709783
1.5803409796351127,-2.0401353748539313,-1.3676348532754525,2.0315201675964274,-2.45471943246859,-4.157969359177903,0.5517999642766546
-0.595828596285853,-0.12184198194726759,-0.13482226805971034,-4.879416093774312,-1.316545585400287,-0.9104953848174155,0.5464936720945813
0.40873382145171683,-0.10915571555120748,0.8488323680197052,3.259792775567097,-0.7009349780550393,0.5219283101925546,0.544201656576155
-3.98029506022377,2.8828595519044327,2.767649218963091,-4.403391400771151,3.634957400583894,5.041753728439784,0.5833432701867013
0.4436592712674912,-0.8748397272643066,2.8933921874904156,2.5949365717619925,-1.1925533246655964,5.320895754570414,0.6578307521620476
0.5060481180845515,1.4848588597898071,-0.180319132302011,2.2681904236181616,1.034650012337328,0.07694355354446931,0.5539264422582614
0.06296131876147361,-0.23506245913501134,-2.45317081896566,1.2364413275202373,-1.251504559450802,-0.8336666561360073,0.5572644967314885
0.03376595343779486,-0.9628644073098453,-1.0501784906194729,-0.0010123150745801335,0.006952240019230671,-0.004295010252918799,0.5528712006432853
0.009164846256808802,-0.14799199189440965,2.824264085805057,-0.0073112995499084454,0.0011116716037379987,0.009484055271366067,0.5529767711766566
-2.2996276574265466,0.5847956211647282,2.571124223337664,-1.3685867291110265,1.8411523399864764,2.5655107051389674,0.5543724895925793
0.5501093127251708,-1.1048398029190567,2.0947948640697196,-0.0032451344857543606,0.006592931215049863,0.0020359354283075656,0.5501316528064143
2.209861086894085,2.2317244489716477,-0.9516708314901399,1.5615940893000102,2.002995329756124,-1.6775683189796555,0.5609078370235624
-4.1307547723745675,2.859343612171302,3.022312317851611,-4.898793095495323,4.7924506510818325,3.6614956544829838,0.6014046171788584
0.6081274932442535,2.464503905240854,-1.068360691427497,-0.4711731512521016,3.7172550159396756,0.027432619151459586,0.557832704655779
0.26810266473219085,-0.11071710050171645,1.8252155307688886,-0.000630626669024751,0.003885788708764687,0.0011766590706919072,0.5450721862641986
0.46725811094967656,0.8660967541023773,-1.3689647883520912,-3.566501898619452,0.001260239070123681,-2.5960868944306017,0.5498244862216352
-5.679675596910439,0.45944016393477416,1.41794295724708,0.0008309798541762808,0.007423674901330876,-0.0003319210406115686,0.5731571538427401
-0.9306952641592979,-1.2796879770575553,2.5830165008991104,-4.886338328305287,-4.846617635470025,-0.3308033941053307,0.5516162592481374
-0.25023441322062195,-1.8270656028038306,-2.6110483448723403,-1.4247213123683322,-0.4255281086798881,-3.0379909700781296,0.5566644406737536
0.6938364628002504,1.4092032970837043,0.26440030836040695,-2.1849999960102435,0.6549999764988512,-3.705807049281251e-07,0.5453718382206075
1.52500867082927,-0.7795148677038172,1.6634141183066513,3.7749294029079574,-0.4678537831725257,2.864488967864634,0.5465152184972043
1.0954467882149428,0.43733347495838215,-0.7266249391875061,1.0283417088297937,0.8801865083720748,-4.200942329125434,0.5446617014122387
0.7716392149997299,-2.358181471667212,2.6488739796633616,1.880635759674599,-3.043265942561738,1.2744692671497835,0.5569984857112408
-0.24162093620822053,-0.635723527038117,-0.5575555514204558,-0.9706222098386316,1.214903381532762,-0.16793269983666703,0.5450146797886527
3.5206497455259487,2.934858633913817,-0.2320746804287515,4.972736376974467,4.26273489436347,-2.593433977995736,0.5770981873764148
-0.5745098153004181,-0.2454187273695569,0.466602389708545,1.2427187157444244,-0.8438829420545609,1.9451568529445369,0.5483129922362858
-1.6609068577629045,-0.2539638671415352,-1.133513393671144,-0.0006341775256822335,-0.007326576251597661,0.014347629319314603,0.55241910665761
3.7039683738752096,-0.1606156890886209,0.40965220982170686,3.748714990355488,-0.10111671201742613,-2.317610088031429,0.5921799625163159
-5.4708162843610415,-1.2119112490229549,-1.9685812820684658,-7.568219574122791,-4.27107612309602,-3.438764116055892,0.5786918454736482
-0.2837448842941102,-0.969716906717081,0.04207825189106951,-0.0038720383954939062,0.0005049482399144961,-0.013859638212046388,0.5472458352160429
1.7213297445373499,-0.8431153143577508,2.144533559365405,8.077818859665586,-0.3285200457378141,3.97907433062641,0.5571823405312918
-0.7803015255897529,0.44330296813545145,-0.6424316143312747,-1.7450691005851189,1.5190760280607003,-1.125633967875647,0.5445646434583763
-0.31731056290248005,-0.22178587267992025,0.015274655892562966,-3.961606186598798,-0.8655608810825252,2.488562726219089,0.547435832571877
0.3155292224627162,0.6523211258757778,0.3655204195860829,1.3514185305951958,0.06285363099816024,-1.936329112883856,0.563645845579528
0.49323487174356145,0.8444008033265838,0.21121388027587698,0.32245209607240805,0.05948254033212158,0.8701058949827745,0.5500940385243963
3.605010980961495,0.4809695810256831,1.2897446062292641,9.189616246127496,-1.6835408635119296,-0.27070980491003804,0.563639105296304
0.5894512690862941,0.8375728364870104,-0.19916710582291228,2.3125533106449394,2.319597530020856,-3.708643032556053,0.5522857467092811
-1.7247046318315706,0.26444624058116695,2.6737889862826987,-0.21541935253206035,-1.3191426684383272,3.851984323627962,0.5514559560765117
-5.745964634060155,1.1882949673685952,-1.249910439770186,-5.527326305191959,1.3080284383813563,-4.003210038793516,0.5702235202139386
-0.6410641016500954,-0.8907962337563706,-0.14639982461917375,0.0065170069991336895,-0.002641865514935282,-0.0011197540456484162,0.5476155478086225
0.32602602253345775,-0.8528161631831345,0.5324005919802149,0.007112135111460199,0.0021395894428000994,0.0048318241520917266,0.5482328753367357
2.8674946862402453,3.2200269338366065,-0.2244561589021951,2.6728109269382165,3.674218321122823,1.3539527340085928,0.572616180626183
3.0567912698849833,0.4476501858237425,0.3447488240568402,3.1809724688185015,1.912636320180272,1.8112341611346603,0.5548813537816356
-0.4103189408217506,-0.7953342694279475,2.3015166083637815,0.8648165627900076,0.4596320023121767,5.094879729557907,0.5493121338627512
-0.8498908019956062,-1.6789340477608672,0.9523907304990278,0.004796116470022644,0.005826508890852455,-0.0074531235007346056,0.553820165024011
0.5036418831747057,-1.1224381924329363,-1.1862496685137447,-0.0007259084465848567,-0.007466700098514675,-0.0044791951113577685,0.5502663015019161
-0.09033374617416703,1.2866750175415862,-0.32537098785657703,-0.5993962840181156,-0.04803869607759302,1.1012814910342863,0.5517689328159451
1.446455672958622,-1.143641526929277,-0.9205499634570113,2.798443616936884,-0.47219610785868404,0.9544402270836161,0.5512034805811089
0.57655268909237,-1.0381780604909658,0.5600087027770375,1.529479383141208,-1.5948870502250967,-2.788380177180268,0.5487989236496938
0.9224261178020493,3.207220468820287,-1.6422247805896195,-0.004630933692895228,-0.005396365121050045,0.0062735691503793475,0.5700526619494243
-1.1400497920526804,-2.1726497385325074,0.2876367907561166,-2.5292980454134177,-3.982091621289693,0.23197310519081632,0.556116275301355
0.12305384857846068,-0.09744850819043403,2.654517354579691,0.003698378979751756,-0.0022832257350136886,0.023802048149966257,0.5571435960266952
-2.6755893078610415,0.5089241657569193,2.8360792190719795,-2.5565700482393257,1.628496634314779,2.9657491623221124,0.5640105625816508
0.23542472246708676,0.41539140702849653,2.1578722734884472,1.443720564630809,1.5733295381406691,-0.9511924903101654,0.5477479772358388
-1.5587831189421373,-0.908836110461851,2.4940005124647766,-4.82117603540672,-4.641321753294493,-0.3924875375211617,0.5482573937461469
-0.5729676897179726,0.3002170067316864,0.08562417498540698,0.9683970676506719,-1.6094968144791246,0.7883606559618661,0.5474333658899161
-0.8282361248761052,-0.14061389049883788,2.564889468344829,0.5666552764281223,1.7669070909815299,4.122794420904525,0.551345166241831
0.92919776263411,-2.387210710182119,2.6554330950972953,2.052511172787483,-3.0663056028871427,1.7881395288685593,0.5584439661461952
0.9418184384710451,-2.2332904587223146,-0.1420810830880507,1.1170761313761874,-1.382329311299053,-2.187462088419592,0.5569646946565557
0.6786654383732237,-0.3476340494343212,2.856590545744414,0.7593878988615004,1.3493097348060938,5.954782853177667,0.5529139558092618
-0.7116288342147108,-2.1723701159630315,2.536803628192235,-0.006667641302521201,0.002310716330875484,-0.004578740094640932,0.5548469048929944
1.1004913061765622,-0.9408157621586646,2.0484528231079784,1.3086146334321946,-0.6926719500589253,1.5757339725472304,0.5470697285842677
-1.3818770847221762,-0.5219281927052656,0.04371948451079921,-1.723593559305251,-0.3613284810882078,-2.891628888928958,0.5482230587020057
0.573384221953362,-1.1538777509281584,-2.433233181148502,-3.886359563536121,-1.5067468571921656,-1.6598750265508366,0.5547584251932639
-4.232505842334738,2.5884626258814074,-2.0925968231150716,-5.529878713054872,4.185540858966673,-3.5471997627424185,0.5837150382122639
-1.430805361407308,-0.22033461495717882,1.5868524009394491,-3.1969947043517877,-0.5193408672684172,1.232689951064331,0.5502145302529661
3.5266014487561486,0.7559228049444202,1.0223062866656916,3.371009006517191,0.634795674301135,1.847386115153877,0.5691915322185152
1.3438339200414748,-0.012328271377763586,0.26418145716731756,2.0790436944538184,0.9751322302641403,-0.06006278312052914,0.5461102441132978
-0.2737842992268102,0.13301352922020215,0.4863455780199956,1.649841175154987,-0.5211031433858261,1.8701514753068371,0.5449086006679279
0.9103963215056062,-0.7137333527120507,-0.5446599937346912,0.001457497402551057,-0.004890479656923172,-0.04741157650190449,0.572083137632824
2.2922534666464487,-0.07728491796644607,0.22673273218912757,6.473484981071523,-1.4080928031457884,-2.459005662703849,0.5507664337398565
0.6664293568780602,-0.8615031502325332,-1.6208737280975474,-0.23368797384147758,-0.752966784377409,-3.4622171122522505,0.546244538562601
2.1813321610589758,0.8854291031256764,-0.5613056421528506,0.003149054553783894,-0.006778304741995575,-0.020060036527362643,0.5584706833054623
0.20937095658963026,1.2376053119322916,-0.10958163832929693,-3.960146339650053,0.07321329111841654,-0.44985927046092083,0.5510158887005959
0.8271907849855578,-1.4370776527136555,0.11646189925112853,0.007330258486870687,-1.3458871394713452,-1.5582149451386538,0.5502690261208661
0.020767124370741272,-0.606816006462869,-1.1200405895804113,-1.7973228962173127e-05,0.007468895441615775,-0.0006825182637054186,0.5541495242755824
-0.3249535661851435,-0.16545307478303353,3.507559531634811,0.8381478545351284,-1.342075740188596,5.120124396613366,0.624776518251244
0.4614745689645677,-0.9218472778959549,1.064878585180913,0.4989592307464726,-1.1252026284619658,2.918486274781059,0.5488870788698273
