odom_world_velocity_x,odom_world_velocity_y,odom_angular_velocity,delta_position_x_world,delta_position_y_world,delta_yaw,kinematic_delta_x,kinematic_delta_y,kinematic_delta_yaw
-3.3248604192903652e-06,-7.815864778298875e-10,0.0003444323038742994,-1.1310154057492944e-07,7.194947389050266e-07,1.1054841582738319e-05,4.433949957126922e-08,1.0760326307166098e-11,9.584131737798752e-06
0.0003994591692332017,3.10987643948853e-06,-0.0006936330283534003,1.3132848425634336e-05,6.995595979997216e-07,-2.248053107511798e-05,1.2441513209810129e-05,-2.1452378031892402e-07,-2.148540126518661e-05
0.1716857632533241,0.011705835161745599,0.1973453691713141,0.0058363579445783,0.0003756798082369,0.0067132752242257,0.0056958653524367,0.0005768530963989,0.0065331344342295
0.1384477231555336,0.0195250047497031,0.2104490011198292,0.0046263217055841,0.0006458481108611,0.0057181671873397,0.0049044583044413,0.0007711584933539,0.0035799449836661
0.00039734981637601363,3.145781920502709e-06,-0.0006871375854122005,1.306067146877865e-05,7.020425051990076e-07,-2.2256324228879867e-05,1.2376087049056522e-05,-2.1179131998585687e-07,-2.1278981819383707e-05
0.2067869090325374,-0.0118482257466349,-0.0561510430178256,0.0070539129049214,-0.00040363495632219997,-0.001535629152992,0.0068453962022421,-0.0004496449516275,-0.001561544954003
0.2086638509849822,-0.0152729166916647,-0.0179331811743426,0.0070935731939441,-0.0005166496652136,-0.0006281392083133,0.0070827645224996,-0.0005695786291802,-0.0006249396093921
0.2064182567420588,-0.0069785341822716,0.0556737785571515,0.0070603287040691,-0.0002355542722252,0.0028266106317795,0.006831708385193,3.271835298749788e-05,0.0018485476404211
0.0004008641519125944,3.085428892859489e-06,-0.0006977952967197002,1.3181041706999963e-05,6.978762460973928e-07,-2.262416737919791e-05,1.248513754593223e-05,-2.1636076729527483e-07,-2.161793300730075e-05
0.1965818405367151,-0.0064112172699252,-0.0889727822778106,0.0066765491756983,-0.00021321313198,-0.0016356401824116,0.0064659730472654,-0.0001382465755504,-0.0025947997573441
0.188709170747402,-0.0058570484287309,-0.034707767996942,0.0065242707479851,-0.000201683868917,0.0004984831406297,0.0060934105512827,-4.344120169428346e-05,-0.0026249949036661
0.2200558611377222,-0.0112879578109568,0.027831679728422296,0.0074710620852191,-0.00037963578631749996,0.0009998727704711,0.0072539305496574,-0.0004912992753282,0.001019210041803
0.1290615534796284,0.0176270452545802,0.04025652739674039,0.0044189200390594,0.0006054720230817,0.0017377309809665999,0.004460176772857,0.0006956755384703,-0.0011176510342588
0.2073441648650597,-0.0156013901629089,0.0217979725192499,0.0070494456118539,-0.0005299321224154,0.0007419979884796,0.0068461216465104,-0.0005066750078459,0.0007271484465793
0.2202997504748376,-0.0136598682740657,-0.0290631734548991,0.007490713896173,-0.00046504768099299995,-0.000987889814792,0.0072532557889018,-0.0005124839818624,-0.0009530231997074
0.1931469061668644,6.513335950759707e-05,0.0066448634344057,0.0065434052076707,9.737665020732593e-06,0.00011114350577820002,0.0072590117018948,-7.743741415257048e-05,-0.0024106330068973
0.1368272055026276,0.017278837719862,0.1167988985184798,0.0046487769386034,0.0005792539283624,0.0039274643870183,0.004536405097553,0.0006637083111242,0.0039390729257497
0.0003959478182402054,3.169067911014834e-06,-0.0006825584012396003,1.302459714369597e-05,7.032650194971346e-07,-2.2137911983955566e-05,1.2706224963318714e-05,-2.1635055718097318e-07,-2.177372447116355e-05
0.1066692318470692,0.0322521648271708,0.3557958389420285,0.0036465299017923994,0.0011170646304008,0.0118194492866481,0.0036453101096969,0.0011222131234647,0.0112504822470581
0.000400515316985095,3.091536627932833e-06,-0.0006967708128720997,1.3168985714351322e-05,6.982991952036999e-07,-2.2588564896477287e-05,1.24743041872447e-05,-2.1590348496457286e-07,-2.158529802551712e-05
0.2206798810877805,-0.0078022116795685,-0.0305668419533474,0.0075036433586155,-0.0002663118940986,-0.0010385773600544,0.007264353469489,-0.0003796690459823,-0.0010110636024473
0.2077716694635907,-0.0113957087358866,0.009257462564531398,0.0072590084572196,-0.00039833124071939996,-0.0007988925947007,0.0070565646659505,-0.0004971789699959,0.0003223841092687
0.2204287231610188,-0.0138864003399914,-0.0289187745687061,0.0074934351204382,-0.0004729578442808,-0.0008531696759932,0.0074777950481406,-0.0005356289133109,-0.0009842560560293
0.0959474387679667,-0.0033510643531084,0.029605260774850903,0.0031939235208486,-0.0001090787561367,0.0003441405125507999,0.0038173191509538,-0.0001609307033068,0.0090939815088348
-3.3195714082556727e-06,-9.739688959856108e-11,0.0003440019744092009,-1.1281410212168191e-07,7.188029296296739e-07,1.1042969438168285e-05,3.272518362694257e-08,8.408488506141298e-13,8.763916422050625e-06
0.05622117006690101,-0.0002876613539523,0.23585493916361333,0.0019554165079153996,-1.2542883949202832e-05,0.0080616617525784,0.0009870589050371,-1.6881678765032526e-05,0.0014086433595025
0.2034037135259426,0.005616286872862999,0.1723982836809229,0.0069757935902217,0.00020673346429420002,0.0063655780470542,0.0068596992243138,0.000498321142321,0.006374129124853
-3.321530378963544e-06,-2.409801477289142e-10,0.00034417746641070106,-1.1290270256376911e-07,7.191224797190932e-07,1.1048089963047069e-05,1.4751792112995298e-07,8.768914709580665e-12,7.78378107166688e-06
0.0003941850092220034,3.197591265064175e-06,-0.0006763105458021,1.2964399717318997e-05,7.052743268010087e-07,-2.1925112170112504e-05,1.22782377357367e-05,-2.0775957784105e-07,-2.0936678094685133e-05
0.2192548993814022,-0.0119441460975575,-0.0014398268822384003,0.0074530501938661,-0.0004046934212994,-5.078159311533437e-05,0.0074450179455525,-0.00051271661667,-4.109833569908572e-05
0.024742768505818608,-0.0008011014492691998,-0.011742808935191,0.0006728721579818001,-2.062284211750559e-05,-0.0003109483149334,0.0011258527548502,-5.4123038268279926e-05,-6.507542115627985e-05
0.1967068812848433,-0.0062567388239217,0.0820359089123473,0.0066885287335953,-0.0002221030112598,0.0026875997910166,0.0067109280361795,-0.0001442876440618,0.0028342322964281
0.0003934759122387055,3.2087937756148863e-06,-0.0006735759538291,1.294025926235065e-05,7.060680710033185e-07,-2.1832280760390038e-05,1.2256406221621536e-05,-2.0687008869097809e-07,-2.085068508197452e-05
0.2068055214012869,-0.0154401749875333,-0.0694799386957454,0.0070295484655356,-0.000517373270975,-0.0014945845836004,0.0068294738972324,-0.000557410291556,-0.0017285848685254
0.2086594739068903,-0.0119712018026136,0.00018958096295849935,0.0070945697494607,-0.00040786922605289997,-4.1140771170691814e-06,0.0068790691756425,-0.0004982558830664,-2.1861257653998932e-05
0.2189562751140292,-0.0190499089500857,0.0208311045502996,0.0074424432395936,-0.0006487041342842,0.0007162417201361,0.0072314181064656,-0.0005917673840324,0.0006729049173098
0.2203676821518867,-0.0114178504541806,-0.05033581557928521,0.0074920407644144,-0.0003862899115546,-0.0016975256582241,0.0072544730113622,-0.0004426354049743,-0.0015592166782343
0.206445720470787,-0.0088043451960418,-0.0556913065035335,0.0070239939993979,-0.000299903387665,-0.0027153610278292,0.0072543138153595,-0.0002679415084951,0.0025439770820354
0.2134546312538793,-0.0120246635816285,-0.0189470562877195,0.0072455092038036,-0.00039894674634419994,-0.0004675704785266,0.0072343426922844,-0.0005421587987802,0.0002863946712972
0.2195745429584706,-0.0109414814273332,-0.0118084705594416,0.0074680275059959,-0.0003723007036187,-0.0004003495960925,0.0072354341566068,-0.0004745246837863,-0.0003963892482425
0.2190756166701806,-0.010640584392255598,0.023922535142969204,0.0074460327260086,-0.0003635387761058,0.0008097854532909999,0.0072277255530284,-0.0004594369570729,0.0007957334421979
0.2192332612079833,-0.0131886548840396,0.003620784359114001,0.0074531122845256,-0.0004471251257189999,0.0002200375266956,0.0074450361468276,-0.0005501695688167,0.000131166080435
0.2201375892140504,-0.0098419407229243,0.0187827277352639,0.0074893046953686,-0.0003366971891351,-0.0001766649984332,0.0074801920503069,-0.0004112991273773,0.0006649815628391
0.1123956660006085,0.0193610234012098,0.1991189479198484,0.0038210668946667,0.0006541192466016,0.00677664441621,0.0037623135251234,0.0006702506855342,0.0065235941209658
0.2193418310730078,-0.0131211544306517,0.010294413563558803,0.0074575992606331,-0.000445214101524,0.00035095114332409994,0.0072313797808732,-0.000532670092607,0.0003394335907916
0.0006270955898182995,0.00020196967372550006,-0.5172195599302614,4.300863607298311e-05,1.896511395659689e-05,-0.0124893048388764,0.000280806977783,9.024482701455132e-05,-0.0242216448820352
0.2198522992618267,-0.0108170603292169,-0.0919986800965555,0.0074604256022486,-0.00036839400720039997,-0.0009586477333094,0.0072228790549129,-0.0004613742266976,-0.0030027020586747
-3.32464126179266e-06,-7.458625800316199e-10,0.0003444155117125992,-1.130873491074838e-07,7.194683280952759e-07,1.105436132940675e-05,5.3930532759530855e-08,1.2574615522489044e-11,9.450241275172489e-06
0.2209023431880981,-0.0102546144839939,-0.056576428338663706,0.0075107318595594,-0.0003464223866733,-0.0019303521996747,0.0072644260790609,-0.0004037368471684,-0.0018456744103737
0.2189981841726543,-0.0108103519791948,0.0193250041184354,0.0074271432865977,-0.0003678877830959,0.0004320316920278,0.0072298247262373,-0.0004700353230187,0.0007237188901069
0.2077293418308375,-0.0097566364575026,-0.0192499030098995,0.0072722145751488,-0.0003443061437536,-0.0019587094972326,0.0070546477660049,-0.0004377193098876,-0.0006425174488646
0.208656074178958,-0.0163927056344313,-0.1432633973074678,0.0070825045805555,-0.0005349088610513,-0.0041602650157951,0.0072254802051674,-0.0005955971263269,0.0001158865607042
0.0003987521861550103,3.12202087330302e-06,-0.0006914957504583,1.3108778480930283e-05,7.003928433058082e-07,-2.2407227753307862e-05,1.241957342596868e-05,-2.136044119800651e-07,-2.1417416936353462e-05
0.2185908887980934,-0.012499147354796,0.0986396219754413,0.0074339484472802,-0.00041919169647729995,0.003352771501236,0.0072407256774824,-0.00038169901123,0.0032590730203887
0.1112673097786481,0.029267295514918804,0.0940251413841214,0.0037823695650676,0.0009965925762162,0.0032072933152179,0.0036907359571712,0.0009996947244582,0.0031110790165247
0.2084587141803908,-0.0093589457340217,-0.0753660302977868,0.0068701885125483,-0.0003031536494162,-0.0001783092303047,0.0068618693699796,-0.0002103291417645,-0.0025799244498278
0.2194526489261204,-0.0103121944898934,0.023228430126733996,0.0074582370609214,-0.0003525680254737,0.0007910565861765999,0.0074583735229052,-0.0004622725445846,0.0007963830319086
0.2206759468573324,-0.0110658014016692,-0.0544537247512122,0.007504709570286,-0.0003730684611309,-0.001796187860772,0.0074840926716303,-0.0004437946970587,-0.0018626351434526
0.2085267951289869,-0.011928176114569,-0.0023810144930926994,0.0070880277298042,-0.0004054803364143,-6.898000972709042e-05,0.0068702544690547,-0.0004962288146562,-9.380371160444544e-05
0.00014591984464060181,3.7733379923360864e-05,-1.227642479480191,-1.5802594270253323e-05,6.1955856566000975e-06,-0.0364847968901073,1.2930842540140275e-06,3.1249777069639786e-07,-0.0451924250717944
0.011823436406674104,0.002520410394693,-1.365192876616828,0.00024368581662499982,6.80429096035981e-05,-0.0446485605571362,-3.800765821609258e-07,-7.387158800002843e-08,-0.0451188467094762
0.2061296973565178,-0.0159787247075043,0.0151068880722692,0.0070373346405241,-0.0005443996580409,0.0008437402260181,0.0068451165610576,-0.0005235461144744,0.0009653186230587
0.1966426430321584,-0.0064366317165699,-0.0769692271572729,0.0066590119219849,-0.0002011887996894,-0.0027473758814516,0.0070859059193158,-1.2307470945329476e-05,0.0026286806057347
0.2198485268882532,-0.016387458888017,0.025864044769918205,0.0074736065984981,-0.000559378132754,0.0009835111393352,0.0074785200628834,-0.0005396954395322,0.0008587279699949
0.2083207398268427,-0.0097437633375831,-0.0599515259625841,0.0071400425579525,-0.0003275407459129,-0.001318029874281,0.0068501720027779,-0.0004191917451029,-0.0019967182525471
0.2136077923731882,0.0001094799048666998,-0.0014496147427529,0.0071726114783433,3.1188180714000703e-06,-9.152017856508772e-05,0.0072563142299953,-0.0001130350723431,-0.0024433540336217
-3.3217612331326585e-06,-2.7769645350589345e-10,0.0003441951795603998,-1.1291701428311346e-07,7.191499224005213e-07,1.1048584039442507e-05,1.975728746477897e-07,1.3256644564175652e-11,7.525089903622498e-06
0.1955420988108344,0.0031271254520006003,0.2178614570342289,0.0067244730993769,0.00011393963776869999,0.0050754347908101,0.0067057283094663,0.0003387820032167,0.0074388454949259
0.2194851980505843,-0.0185922002804734,0.0268174081898697,0.0074602140093344,-0.0006349405832597,0.0009127228831059,0.007247234803036,-0.0005769333151965,0.0009125801682865
0.2196688444429356,-0.0123627889189292,-0.0681155085479232,0.0074621798075611,-0.00041879385131489996,-0.0003448432223677,0.0072164637839411,-0.0005153498394691,-0.002226477169947
0.1360140784552559,0.021217413659718,0.10865739608720432,0.0045678056796334,0.0007101520769334001,0.0035787789678573,0.0046475206881668,0.0007772780859691,0.0036858833699778
0.1108277430395639,0.0275264966458364,0.2088150352259709,0.0037624768111717,0.0009374478632179002,0.0070442245316775,0.0037049510391522,0.0009433031739756,0.0068447303476452
0.2201869360627787,-0.0117201079274984,0.0227222804473878,0.0074844658674606,-0.00039780432855669994,0.0009490393891348999,0.0074811267290331,-0.0005207268868015,0.0007807220831707
0.0003909914516760926,3.246515119758632e-06,-0.0006623916039007003,1.2855133675104824e-05,7.087999037008605e-07,-2.1449624545727408e-05,1.2180400171097827e-05,-2.038079046649264e-07,-2.0501130933681112e-05
0.1825170535241284,0.007119946881136499,0.1052281430034211,0.0062130420257626,0.00025624729582830004,0.0060722999537691,0.0056653146230169,0.0004703573086789,0.0010680561517613
0.1488737756187323,0.015203221489255599,0.1707998161083942,0.005058581767918,0.0005020573862889,0.0058387571987085,0.0050902107492262,0.0006744322543894,0.0057868900178259
0.00038881206366939147,3.2769795998551995e-06,-0.0006491884203930999,1.2780583096949627e-05,7.108908567990402e-07,-2.0997652028622096e-05,1.2114704159204064e-05,-2.012171520239348e-07,-2.0091117847931274e-05
0.2171553500006733,-0.0146246385653198,-0.0360962048101128,0.0074068984984629,-0.0005003736072538,-0.0010043467878351,0.0074461899090257,-0.0005587671584763,-0.0003416323139741
0.2079884918011739,-0.0125213868799696,-0.001806256311803,0.0070723290858876,-0.00042494068151039993,-6.206050962865445e-05,0.0068554861804396,-0.000474191527596,-5.331238311192532e-05
0.2196731009265674,-0.0168977404305387,0.011316460423621,0.0074670293758227,-0.0005737005278474,0.0005791015365242,0.0074697865752984,-0.0005554990203777,0.0003930356281536
0.2081330874678462,-0.015911600836817696,-0.0642751156736871,0.00715839194077,-0.0005449088563123,-0.0020840298171989,0.0068467935067435,-0.0005063010902193,-0.0020804043815225
-3.12458780751812e-06,4.1792043783961397e-11,0.00032441104695009933,-1.0626321752041368e-07,6.753359609444783e-07,1.0390605708375072e-05,-7.135400005345002e-08,6.245370631390102e-13,7.489219284256871e-06
0.2190605952229935,-0.0158671221826959,0.0351590540370777,0.0074385193453732,-0.0005366263759807,0.0012360974868387,0.007246547658215,-0.0005079918165525,0.0011078352489821
0.2199505130142946,-0.0120307659064566,0.0217334668607644,0.0074797619054116,-0.00040713715819629993,0.0007393053947189,0.0072534658261846,-0.0005156403048865,0.000718326215533
0.219086009130076,-0.0091606994796991,0.0832401401847363,0.0074443861300366,-0.0003216051975504,0.0028306480899611,0.0074729437035439,-0.0002069521402849,0.0028366106632706
0.2080430340097745,-0.007766553050079601,0.0850796473159448,0.0070658497719209,-0.000272607413799,0.0028915887314273,0.0070983018958514,-0.0001736562173372,0.0028971991315426
0.02587444299946351,6.768806930696619e-06,0.0003696969582672009,0.0004911380623543998,1.009103351753835e-06,1.5476818184967476e-05,0.0011223580675313,2.827143266490243e-07,-1.113708542269166e-05
0.1124388212286296,0.021602116152435805,0.1781621177242887,0.0038229728243848,0.0007324784980171,0.0060549565354616,0.0037556863752857,0.0007450348836567,0.0058996177109154
0.2183890017373995,-0.0097504167819555,0.0785297507000967,0.0072584639806063,-0.0003266924237822,0.0003289700281848,0.0072511554224096,-0.0002213630874021,0.0028274879570692
0.006287432737313303,-0.00017605636631550002,-0.3726994259600566,0.00017443421558760008,4.88550128505141e-07,-0.0162589789039742,0.0002955604938876,-1.26672280941718e-05,-0.0100688147176734
0.2199159664984128,-0.0101308049035248,0.0135502664149025,0.0074742481188129,-0.00034512061703670003,0.0004652669662539,0.0072515279805012,-0.0004414760311251,0.0004538876467077
0.220485366020038,-0.0114235823103119,-0.0147010634043927,0.0074961213688499,-0.0003865459585935,-0.0005204825010678,0.0072632001140891,-0.0004903298389855,-0.0005052132012979
0.1102529261224248,0.030688203630132204,0.0940211942662905,0.0037330188524693,0.0010447584793399,0.0033744801738839,0.0036716738623172,0.0010511852448837,0.0028877801981832
0.2196063886279619,-0.0120087049874052,-0.0032797270517307,0.0074648412810893,-0.00040700646476019996,-0.0001094996023245,0.0072360657260133,-0.0004995998844691,-0.0001054228780118
0.04378987184655719,0.014811571674748699,0.0930824186187768,0.0011806608581714003,0.0004003964469377,0.0021100874861311,0.0002875432628444,9.888587949562466e-05,0.0038011091664967
0.2073733104937423,-0.0116826556388921,0.0189328149314256,0.0070428850324475,-0.0003968431744625,0.0006010318682043,0.0068550785233557,-0.0004952392931154,0.0006101726553646
0.2176587484590898,-0.0089968930561999,0.0858843966554844,0.0073284564662665,-0.0003051045656529,0.0018914853973503998,0.0072531287693697,-0.0001071004747923,0.0033386920751067
0.1967221687745614,-0.0052838510012686,0.083829746946327,0.0066915330676746,-0.0001829598962246,0.0018471221330896997,0.0067143993001951,-2.883343788356576e-05,0.0028709884102047
0.2082571863060849,-0.009324453838521998,0.012600957604632698,0.0070854537042848,-0.0003162879306747,0.0004172933251318999,0.0068711395999344,-0.0004128666896257,0.0005050764291313
0.136905724481351,0.0167505083984951,0.1395219173679245,0.004712041331488,0.0005668130651483,0.0054916387649366,0.0046899736178613,0.0006652001759349,0.004824188045023
0.0003906359069393017,3.2516805897721615e-06,-0.0006605109631549998,1.284284454516893e-05,7.091840798015145e-07,-2.1384542056449365e-05,1.2538215942793826e-05,-2.0953440658643597e-07,-2.106120873568429e-05
0.2053362903473516,-0.0091918888309833,-0.0476527832827876,0.006987237412812,-0.0003156437632292,-0.0015655862993061,0.0068568628636424,-0.0004177775828074,-0.0005079931113462
0.1421509052946395,0.0210033455905081,0.1717258706297066,0.0047654541683705,0.0006984439232429001,0.0060665080759529,0.0050478763904431,0.0008123622918997,0.0036281726342239
0.2086830912375251,-0.0118725020802272,-0.0890991806313823,0.0071137872670364,-0.0003965226240028,-0.0022784069818658,0.0068560267854336,-0.0004846884558968,-0.0029573213529601
0.2078060559990725,-0.007445358504306901,0.0936109018024838,0.0070127004531181,-0.0002540686034101,0.0025061579565561,0.0068793872390707,-7.234880463179086e-05,0.0030715120141771
0.2196336953543683,-0.0184074041616497,0.0272395078111753,0.0074659321077639,-0.0006290316040756,0.0009239551603035,0.0072521458923375,-0.0005706053005867,0.000928846872243
0.2197529918970916,-0.0110385868971961,-0.0118255126582591,0.0074725234302365,-0.00037503569003979995,-0.0002081119818662,0.0074572568867209,-0.0004920488296101,-0.0003983865041599
0.2203977609792358,-0.0140521477329524,-0.0220522258245489,0.0074921778819652,-0.0004792495717928,-0.0007368555992937,0.0072605541613047,-0.000526410833399,-0.0007538901852703
-3.3219820937124833e-06,-3.1333900318147867e-10,0.00034421206171090027,-1.1293123946404249e-07,7.191767637542324e-07,1.1049069303436398e-05,2.4421595915822804e-07,1.8124610898526278e-11,6.710935709506871e-06
0.1911888969723716,5.857017657322477e-05,-0.0038434384930268,0.006509298359266,-7.454457763547513e-06,-0.0001187322255438,0.0072595124298168,-5.9949480873038e-05,-0.0024083408045718
0.078512328488311,2.3245704238534972e-05,0.0006355249378711993,0.0023072748853523,1.2634530607287764e-06,1.933495229780851e-05,0.0034339008131119,8.495721237793974e-07,7.374934973409554e-07
0.2197909608146502,-0.0154060328669761,-0.0082270879821247,0.0070441120910897,-0.0004950777591015,-0.0010091899023286,0.0074622961092315,-0.0005780528430762,-0.0002750011115558
0.008373860347816092,-7.719638893832021e-05,-0.8354750622386768,0.00032735131621559974,1.1209135776096821e-05,-0.0340339459809437,0.0002956682064472,-7.63581277469656e-06,-0.0239556650852348
0.2179101121528317,-0.0053217164246298,-0.066905978696829,0.0074176012377955,-0.000180987513371,-0.002208643287551,0.0072420560782412,-0.0003005552175942,-0.0014706920420733
0.2189114581199339,-0.0083188760732191,0.0983874460045449,0.0073772023127505,-0.0002853731309832,0.0033212046716196,0.0074727233874277,-8.538468032366376e-05,0.0033400106564649
0.1361752569918703,0.0207281245881754,0.1077481620063355,0.0045750013002709,0.0006937017450474,0.003001434094406,0.0045080786639475,0.000737071358734,0.0036059705369708
0.2093314830247455,-0.0011168828403567,-0.0808120357769544,0.0071122625013683,-3.4519025435262606e-05,-0.0025867318103992,0.0068845083460797,-0.0001530699540819,-0.0026749084253249
0.1113696872857931,0.0238038055983655,0.2874736314974214,0.0037808975009652,0.0008049895928571,0.0097250827546906,0.0037389047868448,0.0008177406107045,0.0093356891021769
0.2144956019968728,-0.014941503822179202,0.0556487865737879,0.0073022397911,-0.0005039140717307,0.0021301340370186,0.0072356457813607,-0.0004817206431619,0.0035314629333643
0.2161020503271694,-0.0063652548655485,0.2018808415914731,0.0073516264178117,-0.0002112945214745,0.0068691697723602,0.0072507713352238,6.821903000680179e-05,0.0073896301583897
0.0032526090192377954,0.0011054720385107997,-0.0309669124676153,0.0004592060773934998,0.0001569928267464,-0.0003310239030295,1.2122345523383306e-07,4.194635761694389e-08,-1.3569501220001002e-06
0.02719551461885268,6.95304073771658e-05,0.2153717723270978,0.0009695497967788999,5.953307738032487e-07,0.0073264133910461,-3.916833348867183e-09,6.423013147792456e-11,1.9124788286362106e-08
0.2198291392909326,-0.0128771039068329,0.0166400925730966,0.0074740719592995,-0.0004381667203466,0.0005664251226408,0.0072471860325336,-0.0005253297371569,0.0005650995603867
0.1976712493046528,-0.0081195482127986,-0.0721212320638372,0.0069757108848054,-0.0002847498855344,0.0005365734848273,0.0065006975649535,-0.0001787679281846,-0.0024494729097699
0.012220988416766193,0.00032691557603040013,-1.369988186564639,0.00041311030702500043,3.128351166620247e-05,-0.0463156695225622,-2.9714164501523607e-06,-2.8034221613497506e-08,-0.0465527877961851
0.2077726440797698,-0.0107674299952776,0.088895738886634,0.0070633507716006,-0.00036052638177509993,0.0030006285602143,0.0068740906661709,-0.0003344878519686,0.0029228155623513
0.2086484088547892,-0.0151401659690983,-0.0186061324705871,0.0069622837707967,-0.0005000584871256,-0.0014533347415864,0.0068630787121821,-0.0005477146290586,-0.0005904440384938
0.2195168694303126,-0.0130562771752637,0.0104298488133035,0.0074636385843435,-0.00044328173380859994,0.00035405115813479993,0.0072368479451396,-0.0005305815477657,0.0003453817909378
0.2081078753436135,-0.009575577170407598,0.0844140468031485,0.0070763124193886,-0.00032030094276069994,0.0028773240581451,0.0068898816312428,-0.0002947589898685,0.0027898963866844
0.2207314708857871,-0.0082489738883358,-0.0288423577794548,0.0073719007557431,-0.0002782384398872,-0.0018538097841691,0.007489831129937,-0.0004065578804282,-0.0010043197964405
0.2211740477671858,-0.0036446830613849,-0.0908130907582808,0.0074928821338573,-0.000123523501731,-0.0022449776617307,0.007249280855798,-0.0002479657537335,-0.0028986700552456
0.1697275736040782,6.609249734232598e-05,0.0008385726237209006,0.0055796562677396,1.7341845806692922e-06,2.6479314340735558e-05,0.0072599771767909,-6.935957429096609e-06,-0.0024104846236368
0.2058852487122993,0.0070306502124175,0.1957584275317554,0.0067026633975852,0.0002411479829239,0.0053994479363705,0.0070445942576517,0.0005576994267062,0.0065956055329712
0.2197311272851043,-0.016734623065264898,0.0233128424992439,0.0074707709627743,-0.0005690154412914,0.0007910306250824999,0.0072556894342572,-0.0005353628554733,0.0007623588285129
0.00039170991146200707,3.2358826722749846e-06,-0.000665944521904,1.2879594327497301e-05,7.08026889194302e-07,-2.1570599037136137e-05,1.257188067137093e-05,-2.108792710935128e-07,-2.123558616071719e-05
0.1101755243734411,0.025730315630828404,0.2756094109405753,0.0037801839404247,0.0008835824368828,0.0085782740779806,0.0038369547957802,0.0009151305198644,0.0095756418459574
0.196862903874886,-0.0068146403898353,0.0844401080959266,0.0066090345258715,-0.0002346671973365,0.0017705455272923997,0.0065050166714139,-0.0001577084287153,0.002650340366414
0.1243549800558164,0.0187000113141769,-0.0292352239947422,0.004379333352928,0.0006573728312548,0.0012022478159629,0.0040815964499589,0.0006621216303769,-0.001114314565149
0.2191124388716426,-0.0143724031606401,-0.0064118427762417,0.0074427725768473,-0.0004833188736051,-0.0003632284881314,0.0072419937608139,-0.000538898993495,-0.0003344242725658
0.01208833434827089,0.0014386725459473002,-1.3676812143089865,0.0004081206028142999,6.899314155289771e-05,-0.0464873432042377,-3.977355643989177e-06,-4.007220424554164e-07,-0.0451098911988203
0.2191280455514624,-0.0106317131645674,0.0287295769695544,0.0074494753481344,-0.0003618914230148,0.0009824538234107,0.007232455026364,-0.0004266429715162,0.0009474131435434
0.2091726125301493,-0.0083297606270085,-0.10774951749364,0.0071382333547926,-0.0002835021156724,-0.0025724964828359,0.0068509702214748,-0.0003867323692451,-0.0033183683903347
0.2114367178175776,-0.0097097189922261,-0.1025087104495838,0.0071286502130089,-0.0003170316252471,-0.0023780970480001,0.0072224999333177,-0.0004346656674908,-0.0017906451389906
0.2201029985904617,-0.0100387171862167,0.0133034036470886,0.0074753955297844,-0.0003418825284994,0.0004469057101974999,0.0074775126394376,-0.000451809739483,0.0004586566567162
-3.3224283370603125e-06,-3.857231565401742e-10,0.0003442461522867009,-1.1295963506848666e-07,7.192300159520633e-07,1.1050033924767398e-05,-5.115254878368011e-06,-6.171402402871154e-10,7.410433176390752e-05
0.2202551407130741,-0.0006447747915456002,-0.0607292606803691,0.0074261135233147,-1.658227558159403e-05,-0.0020482220539608,0.0074647916056737,-0.0001483120241076,-0.0020545203244038
0.0003902682256232137,3.25694990474263e-06,-0.0006584697073199995,1.2830509047434546e-05,7.095666667983336e-07,-2.1315933693982422e-05,1.2158477836446378e-05,-2.0293635516934322e-07,-2.037932555976063e-05
0.0003931260306360984,3.214257051687309e-06,-0.0006721661462593996,1.292816771591987e-05,7.064627762023989e-07,-2.1783687404585556e-05,1.2245652431631894e-05,-2.0643344864370358e-07,-2.080643280519823e-05
0.2081894859600203,-0.0089960612674845,0.0850387712189661,0.0070784753792305,-0.0003009512931988,0.0028886661220431,0.0068928586675554,-0.0002755546144182,0.0028097196404752
0.1424657783580456,0.0155842835148033,0.22131397703474512,0.0048794262258315,0.0005181269731212,0.0075226599584672,0.0041037104825251,0.0005541083477977,-0.0008153629357017
1.5355778750808513e-05,-4.938385108504452e-07,-0.0014893217932248001,4.9607866437595405e-05,-1.2612532014066868e-06,-0.0020011808365554,5.132258115628379e-06,-2.461106262474744e-07,-0.000100889435202
0.1875584104785077,-0.0079680132866403,-0.0242260541376127,0.00634301865691,-0.0002670291725267,-0.0012576785516846,0.0064854971348973,-0.0001207958997137,0.002865156436651
0.2169718994054023,-0.0145955246197549,0.0917438171621575,0.0073919082830853,-0.0004932063459565,0.0033036609927652,0.0072313416719265,-0.0004556383809061,0.0035731234533953
0.1123544810368574,0.0201144479619367,0.1989720582797062,0.0038200960156933,0.00068109256334,0.0067625872226499,0.0037596993166088,0.000695200813484,0.0065652001379179
0.1882631458417752,-0.006959821161436,-0.0067913179523455,0.0064099676208466,-0.0002358069706683,9.697584262241546e-05,0.006489735218131,-6.850599027763179e-06,0.003166702753151
0.00038990986068429545,3.2620102480111768e-06,-0.0006563768648485003,1.2818121049473774e-05,7.099476291017037e-07,-2.1243404079010486e-05,1.2147660819932151e-05,-2.0250857310634535e-07,-2.031447007757592e-05
0.1102955850020192,0.0266096432818553,0.1995545851048393,0.0037571685357111,0.0009070384467603001,0.0068969980657772,0.0037154027256362,0.0009186873013322,0.0069685833302763
0.220080895298572,-0.0143387910307981,-0.0212483311107651,0.0074829344289319,-0.000485190739664,-0.0005627779687745,0.0074719437912568,-0.000552274946207,-0.0006599361234108
0.2092878767297243,-0.0020850899742186,-0.0693798777101682,0.0071126415893419,-6.739410915634516e-05,-0.0020629860023791,0.0070882641413503,-0.0001915509382973,-0.0023483224526952
0.2082540535563574,-0.0083972321771839,0.0838873836533073,0.0070493521464882,-0.0002844202953933,0.00033317568030059993,0.0070997190454663,-0.00026338321461,0.0029399993947309
0.218253697867297,-0.0176395989671267,0.024626039338315604,0.0074149023169507,-0.0005953646761642,0.0009458535800636,0.007457658066736,-0.0005632761551378,0.0007284517068942
0.1111848573180173,0.029940654440676704,0.0794791607898097,0.0037793835333808,0.0010188655832469,0.0027172052454979,0.0036828687716369,0.0010217109737786,0.0026380611514855
0.1877848659957848,0.0005113096325436001,0.1047757652678163,0.0064829894554077,2.4593511108492172e-05,0.0051784866654456,0.0060754548568875,0.0002355353110318,0.0016722513947366
0.2198719155010206,-0.0124561750616793,0.0067757315429926995,0.0074327018931634,-0.00041889490461529994,-0.0001062301029502,0.0074687472931827,-0.000524681035199,0.0003530578137254
0.2197720431598366,-0.0061004683219592,-0.04327997087328621,0.0074731471907756,-0.0002071697942679,-0.0014722939143305,0.0072358217779977,-0.0003218723884214,-0.0013904689799093
0.2205494443780574,-0.0044671614032949,-0.05782580351295301,0.0074962903547807,-0.0001486807287005,-0.0019272838768458,0.0074806200037524,-0.0002870816879651,-0.0018098512782915
0.2191522656061423,-0.011928585539381,-0.0007458962281876999,0.0074371230239134,-0.00040396772854429995,-0.0001771623668844,0.0072242965608365,-0.0004973151258193,-1.4299662235583989e-05
0.2180639359966047,-0.015542198421775701,0.0175220872114734,0.0073606276985005,-0.0005166776923826,0.0012626931777365,0.0074564598455318,-0.0005141018755837,0.0011891386064045
0.1906576149009949,7.811906396551016e-05,-0.0016585710871384997,0.0064248215480142,-1.8911619535852669e-06,-2.847562153388065e-05,0.0074797628274814,-4.347385730705945e-05,-0.0024831377656277
0.2087304231942961,0.0044053091452775,0.05361477872393809,0.0070996643887519,0.0001502089748067,0.0019145407858514,0.0072525353396897,0.0004249515179752,0.0064135461891338
0.2105345133013098,-0.0119313308325265,0.021204273178519296,0.0071651801471295,-0.0004042427255834,0.0008211085643068999,0.0072164516365115,-0.0005321843223937,-0.0026660186575333
0.2197773683378377,-0.0057818136143673,-0.04641980598657321,0.0074675909034873,-0.0001961455201613,-0.0015594518761447,0.0074538327714175,-0.0003206062832835,-0.0015457339582928
0.2095915516195197,0.004854723611640799,0.0760276911686027,0.007050262232898,0.0001721043350113,0.0018833375468954997,0.0074673737306297,0.0004864001348624,0.0066229033238258
0.1972721489212396,-0.007268780181641801,-0.06632247670071809,0.0068409378813127,-0.0002491564666502,-0.0001812331663037,0.0064850140664527,-7.071473693530591e-05,-0.0022964424402633
-3.3222020406620256e-06,-3.4898770895699927e-10,0.00034422886305400004,-1.1294544079599317e-07,7.192034238239598e-07,1.1049552037387274e-05,3.0347092048278015e-07,2.445456872580748e-11,6.02387659040062e-06
0.0999701543356213,0.029130337160889804,0.168258912267303,0.0034933241184518,0.0010263617634918,0.0092638313360094,0.0032513948658169,0.0009690547544515,0.0067172623468454
0.2087457347564596,-0.0119715362042999,-0.0015267588126770997,0.0070965306108271,-0.0004070434109094,-5.9818995019340904e-05,0.0068790338487139,-0.0004979536112705,-6.482237643740119e-05
0.1531989589537407,0.0112226973849352,0.0683218978932619,0.0054645971291438,0.00038639622909700006,0.0052459624058145,0.0048980525050516,0.0005461338231995,0.0002618114890187
0.2191660527701419,-0.0150612774371014,-0.0166496775993448,0.0074536614424374,-0.0005124109372824001,-0.0005651235522294,0.0072239188714734,-0.0005489009402975,-0.0005334100579127
0.0004001666360443912,3.097616807749056e-06,-0.0006957412845792002,1.3156935074087883e-05,6.987207357977976e-07,-2.255277345836193e-05,1.2840989192144036e-05,-2.219687768512392e-07,-2.220510390680275e-05
0.2069143932211323,-0.0091559718722356,0.0068202747574034,0.0070500733703467,-0.0003061562355786,0.000379417349158,0.0070698625868767,-0.0004210713544942,0.0005480404026732
0.111370756331441,0.0289254778331248,0.0937537244257283,0.0037855877177415,0.0009841746339778,0.0031968308423178,0.0036927907617405,0.0009877398556057,0.003207275925579
0.0651671331653811,0.0217250030251516,0.1673534622390038,0.0019057234604712998,0.0006381787157735,0.0045980656277589,0.0010954682205414,0.0003703262072621,0.0066735183139764
0.2079434448089474,-0.006791303910827,0.0929296779858956,0.0069947792501741,-0.0002316501671812,0.003118601339583,0.0070980464049368,-5.251656107110179e-05,0.0031640161016225
0.2199485233747599,-0.0064185809332344,-0.043271615448549405,0.0074790618887647,-0.0002182156746983,-0.0014718766769659,0.0072379249924838,-0.0003321420732015,-0.0014156917068145
0.2083518539387125,-0.015264321091094301,-0.0005030689851502996,0.0070845246761628,-0.0005195689413092,-1.8982098008712978e-06,0.006870470741445,-0.0005550946897737,7.468759256923363e-06
0.2195536879360039,-0.0179193590129124,0.017223185148518,0.007466155715796,-0.000607911853272,0.0005961431287472,0.0072473240854832,-0.0005525418374535,0.0006852250697778
0.00040157289647818617,3.0729438728772235e-06,-0.0006998619179789996,1.3205170969587954e-05,6.970261153954604e-07,-2.269488449877649e-05,1.2507151994614485e-05,-2.172922192232461e-07,-2.168378845492924e-05
0.2197114846956123,-0.0182028610125239,0.028972487118646004,0.0074692005674386,-0.0006230986151508,0.0008948012010848,0.0074737214825815,-0.000580936047229,0.0009603963465175
0.2196089848291907,-0.0153323746462577,-0.0080520669291293,0.007469175757963,-0.0005214687518841001,-0.0002754345710854,0.0072370172976867,-0.000558650227903,-0.0002611895647184
0.2205875982195179,-0.007575202384452001,-0.03717277249965781,0.0074994003060986,-0.0002580363009496,-0.0011158146528642,0.0074790854153367,-0.0003823867759423,-0.0012572603680288
0.2207861755450843,-0.0040523201317608,-0.0540876685392289,0.0075064205800487,-0.0001388804629927,-0.0018384034376937,0.007271291820014,-0.0002658642645361,-0.0018114049200199
0.0846118507614195,-0.0011192955820048,0.2554786685407016,0.0029515774810313,-4.324642979399579e-05,0.0087487603988491,0.0020978371493202,-3.8835378114030256e-05,0.0014086485857207
0.1840664532332847,-0.007514784809352401,-0.0761646466918461,0.0063767683058875,-0.0002523377130539,-0.002527041639207,0.0060843812673482,-0.0001144601224451,-0.002492127362216
0.1940655838510112,-0.0069446880424462,0.0785598550983245,0.0066673427626655,-0.000237384385322,0.002106280022803,0.0066804616718878,1.4672410164053773e-05,0.0033371336302639
-3.324196264475887e-06,-6.7335132868801e-10,0.00034438142306139966,-1.1305896772343532e-07,7.194154756705415e-07,1.1053400578876131e-05,8.137372129920514e-08,1.7441382738455168e-11,9.074532385648124e-06
0.108327446012653,0.030552745677253,0.1165779990125236,0.0036659211017329,0.0010396530042405,0.0041492301308461,0.0036690564832052,0.0010619983976829,0.0029325910231986
0.2202654026063256,-0.0141979933847398,-0.0202018097866541,0.0074870800604776,-0.00048425873125869997,-0.0006854355349751,0.0072588298262594,-0.0005315755677223,-0.0006958793023191
0.1471130980419916,0.0133260918268333,0.1423521967866991,0.0051426292621035,0.00045200594252810006,0.0061806248002683,0.0045003607379478,0.0005572680224395,-3.974142872014142e-05
0.2094900231542699,-0.0165463135553083,0.093510407894896,0.0071861943247206,-0.0005692897330263,0.0023284920735633,0.0064625713255997,-0.0004915871154751,-0.0017961194100589
0.1132555885339835,0.0187709164360936,0.1041360867773416,0.0038404668228271,0.0006352855336513,0.0045335873734064,0.0038753152171313,0.0006702797538343,0.0035406036917352
0.1136596522262249,-0.0024986295367489,0.2739691034335438,0.0037830455337803,-8.999453667150187e-05,0.0092814194059122,0.0039428000844908,-9.41346602903624e-05,0.0093124598604181
0.1111507053050073,0.029619151789708104,0.0949056669993897,0.0037812549176403,0.0010091336031603,0.002873856673726,0.0037992131805429,0.0010420051688371,0.0032237247543567
0.208727884281837,-0.0096739983562528,0.019969508608068,0.007093236214383,-0.00033204514649549997,0.0006508667948535,0.0068822344107059,-0.0004258244909088,0.0006445151502707
0.2077881664228709,-0.0121967356987439,-0.0402420495686113,0.0070667637189395,-0.00041410297126759994,-0.0013595410931559,0.0068442147906869,-0.0004593085080067,-0.001272498243549
0.00039206234477570656,3.2305785100748136e-06,-0.0006675807035378999,1.2891775275969408e-05,7.076380950030294e-07,-2.1627098936414374e-05,1.2213050110711092e-05,-2.051162149030168e-07,-2.0662885854738637e-05
0.2197005853395711,-0.0129889131419273,0.010483237102895799,0.0074690522551442,-0.00044127109831499994,0.0004536393879331999,0.0074612405953449,-0.0005443515616238,0.0003696302528265
0.2086724106585011,-0.0119532092547023,-0.0022941095438712006,0.0070933872896002,-0.0004058314058961,-7.880535054582277e-05,0.0070836596074267,-0.0005122559151495,-7.841281304276082e-05
0.012165900686322811,0.0008934025110946,-1.3688154030478514,0.0004117375643163997,5.0035588686402066e-05,-0.0465261490652277,-3.46038342579103e-06,-1.9149868249159574e-07,-0.045146341108718
0.2175052343074728,-0.0108350497133506,0.00019366033455990063,0.0073860048573318,-0.0003653651267211999,-0.0001159303027923,0.0072298247262373,-0.0004700353230187,0.0007237188901069
-3.3237578302147686e-06,-6.019473378950091e-10,0.0003443478495047999,-1.1304477759606357e-07,7.193890316305228e-07,1.1052920059157715e-05,1.286827001582596e-07,2.529996367938016e-11,8.748366978305613e-06
0.2197186947060795,-0.018059326217376,0.0188211146408841,0.0074706311546208,-0.0006128168896827,0.0006459621157799,0.0072538094735922,-0.000557936960774,0.0006580968237413
0.220054471096168,-0.0111343838021764,-0.0055889661438436,0.0074784231955331,-0.00037682902654539996,-0.000187285931935,0.0072438790976246,-0.0004800837224172,-0.0001827659007686
0.2128868997640609,-0.0121318367728625,-0.0070047432847872,0.0071920921443014,-0.000403375541906,0.00018066276052270002,0.0068346678799795,-0.000487391858912,-0.0024654841665892
0.1829735930706611,0.0095259929807121,0.1996148042545152,0.0058343695525899,0.00031592098342209996,0.0051129889260131,0.0062601428789109,0.0005858833240602,0.0067854458115132
0.00038859916843680953,3.2909520152552343e-06,-0.0004196343990893999,1.2028733643143497e-05,-2.7034387969916663e-07,-1.9579614681287244e-05,1.3910665212423064e-05,-2.3025177214183655e-07,-5.352632070736441e-05
0.2201453340297754,-0.0126454424335859,0.0174167437785435,0.0074854478644731,-0.0004313033401463,0.0004150841935507,0.0074771901440456,-0.0005332982391778,0.0005973204418925
